0, 0.5158421993255615
1, 0.2827770709991455
2, 0.26909518241882324
3, 0.26658201217651367
4, 0.30839061737060547
5, 0.2918720245361328
6, 0.32549190521240234
7, 0.30271315574645996
8, 0.3121516704559326
9, 0.3243439197540283
10, 0.30662059783935547
11, 0.2673776149749756
12, 0.427112340927124
13, 0.28816676139831543
14, 0.2791786193847656
15, 0.28124117851257324
16, 0.5847561359405518
17, 0.29525089263916016
18, 0.30196690559387207
19, 0.3246726989746094
20, 0.3816390037536621
21, 0.41107654571533203
22, 0.378157377243042
23, 0.28224706649780273
24, 0.3180243968963623
25, 0.2748725414276123
26, 0.5134003162384033
27, 0.4410560131072998
28, 0.5427556037902832
29, 0.3481628894805908
30, 0.325439453125
31, 0.29294610023498535
32, 0.4049263000488281
33, 0.47206759452819824
34, 0.6551156044006348
35, 0.27581262588500977
36, 0.32962703704833984
37, 0.2812213897705078
38, 0.3412299156188965
39, 0.5128958225250244
40, 0.34848833084106445
41, 0.41296982765197754
42, 0.3638746738433838
43, 0.3953745365142822
44, 0.42377758026123047
45, 0.5121681690216064
46, 0.30966901779174805
47, 0.4072096347808838
48, 0.4574472904205322
49, 0.32153797149658203
50, 0.3470301628112793
51, 0.512711763381958
52, 0.3558013439178467
53, 0.46785616874694824
54, 0.5067369937896729
55, 0.6143600940704346
56, 0.5119857788085938
57, 0.357987642288208
58, 0.4611847400665283
59, 0.44367218017578125
60, 0.2842073440551758
61, 0.39842844009399414
62, 0.3594636917114258
63, 0.28122901916503906
64, 0.3832268714904785
65, 0.5119421482086182
66, 0.3209042549133301
67, 0.27342915534973145
68, 0.42966628074645996
69, 0.4655294418334961
70, 0.2759575843811035
71, 0.4876716136932373
72, 0.4522380828857422
73, 0.28793787956237793
74, 0.48802852630615234
75, 0.3993558883666992
76, 0.2862224578857422
77, 0.44075512886047363
78, 0.47745776176452637
79, 0.2779688835144043
80, 0.37088513374328613
81, 0.3872506618499756
82, 0.29047656059265137
83, 0.4486246109008789
84, 0.5123426914215088
85, 0.5267164707183838
86, 0.39438581466674805
87, 0.29698967933654785
88, 0.42214274406433105
89, 0.4072883129119873
90, 0.5169327259063721
91, 0.2869398593902588
92, 0.32274389266967773
93, 0.6139588356018066
94, 0.30643606185913086
95, 0.4077763557434082
96, 0.37670207023620605
97, 0.3956906795501709
98, 0.274991512298584
99, 0.4915781021118164
100, 0.28643274307250977
101, 0.5322754383087158
102, 0.3297438621520996
103, 0.30324816703796387
104, 0.28719162940979004
105, 0.5135025978088379
106, 0.27858638763427734
107, 0.2734096050262451
108, 0.2582676410675049
109, 0.27602529525756836
110, 0.2904975414276123
111, 0.27581095695495605
112, 0.2715611457824707
113, 0.2667253017425537
114, 0.2636752128601074
115, 0.39149928092956543
116, 0.7374837398529053
117, 0.3659801483154297
118, 0.28154873847961426
119, 0.37676525115966797
120, 0.3371541500091553
121, 0.30568790435791016
122, 0.2615365982055664
123, 0.2676715850830078
124, 0.2673032283782959
125, 0.2905392646789551
126, 0.2718207836151123
127, 0.2673988342285156
128, 0.2893092632293701
129, 0.27812838554382324
130, 0.31122660636901855
131, 0.2558319568634033
132, 0.4870131015777588
133, 0.2885303497314453
134, 0.26605963706970215
135, 0.25288891792297363
136, 0.31972789764404297
137, 0.5015969276428223
138, 0.3166213035583496
139, 0.28420352935791016
140, 0.3301396369934082
141, 0.27855753898620605
142, 0.26192498207092285
143, 0.3810415267944336
144, 0.2660956382751465
145, 0.2643570899963379
146, 0.25670289993286133
147, 0.3391082286834717
148, 0.5118780136108398
149, 0.3671379089355469
150, 0.36210060119628906
151, 0.3971848487854004
152, 0.5481851100921631
153, 0.4761669635772705
154, 0.4195427894592285
155, 0.6040444374084473
156, 0.36234426498413086
157, 0.2862129211425781
158, 0.2861819267272949
159, 0.39639878273010254
160, 0.35683608055114746
161, 0.3637969493865967
162, 0.40639257431030273
163, 0.511486291885376
164, 0.36103129386901855
165, 0.35550475120544434
166, 0.5124783515930176
167, 0.27959227561950684
168, 0.43666911125183105
169, 0.4114854335784912
170, 0.36116647720336914
171, 0.3536496162414551
172, 0.3704547882080078
173, 0.2787454128265381
174, 0.2695639133453369
175, 0.41240525245666504
176, 0.2874486446380615
177, 0.2745177745819092
178, 0.5643575191497803
179, 0.3791825771331787
180, 0.2743062973022461
181, 0.29107213020324707
182, 0.386502742767334
183, 0.30759620666503906
184, 0.28080296516418457
185, 0.43573856353759766
186, 0.5118041038513184
187, 0.3815011978149414
188, 0.43998003005981445
189, 0.39080357551574707
190, 0.385709285736084
191, 0.41936373710632324
192, 0.44002532958984375
193, 0.3567478656768799
194, 0.2992739677429199
195, 0.4702277183532715
196, 0.480712890625
197, 0.3386359214782715
198, 0.6143429279327393
199, 0.614384651184082
200, 0.3693246841430664
201, 0.29025983810424805
202, 0.5703177452087402
203, 0.374650239944458
204, 0.26703476905822754
205, 0.5874476432800293
206, 0.30599021911621094
207, 0.27747631072998047
208, 0.26781773567199707
209, 0.4782240390777588
210, 0.465440034866333
211, 0.5585248470306396
212, 0.5119926929473877
213, 0.3365468978881836
214, 0.38019680976867676
215, 0.36618518829345703
216, 0.3624265193939209
217, 0.397601842880249
218, 0.29314208030700684
219, 0.3630797863006592
220, 0.3060595989227295
221, 0.27270030975341797
222, 0.4034390449523926
223, 0.3868434429168701
224, 0.4322798252105713
225, 0.5123810768127441
226, 0.27837634086608887
227, 0.28681087493896484
228, 0.35624003410339355
229, 0.4909665584564209
230, 0.28707146644592285
231, 0.34798622131347656
232, 0.32584691047668457
233, 0.28845810890197754
234, 0.27477240562438965
235, 0.26604580879211426
236, 0.380871057510376
237, 0.2848207950592041
238, 0.25476574897766113
239, 0.3865334987640381
240, 0.5073349475860596
241, 0.40310120582580566
242, 0.26390504837036133
243, 0.356891393661499
244, 0.26706790924072266
245, 0.27773475646972656
246, 0.37622618675231934
247, 0.3694028854370117
248, 0.31674933433532715
249, 0.30147409439086914
250, 0.28980445861816406
251, 0.2764914035797119
252, 0.41524219512939453
253, 0.316692590713501
254, 0.47962474822998047
255, 0.28309106826782227
256, 0.4083855152130127
257, 0.3318650722503662
258, 0.2726137638092041
259, 0.34251904487609863
260, 0.40879130363464355
261, 0.5126745700836182
262, 0.321458101272583
263, 0.2698068618774414
264, 0.27706074714660645
265, 0.40677595138549805
266, 0.29308414459228516
267, 0.47898125648498535
268, 0.30092644691467285
269, 0.2876877784729004
270, 0.4952526092529297
271, 0.5528333187103271
272, 0.6158304214477539
273, 0.511512041091919
274, 0.2779698371887207
275, 0.33675360679626465
276, 0.3490941524505615
277, 0.26635169982910156
278, 0.2739551067352295
279, 0.3393840789794922
280, 0.5171849727630615
281, 0.3513936996459961
282, 0.46262645721435547
283, 0.512326717376709
284, 0.28574633598327637
285, 0.2562704086303711
286, 0.37887072563171387
287, 0.2944304943084717
288, 0.2950558662414551
289, 0.2560720443725586
290, 0.38355207443237305
291, 0.31294703483581543
292, 0.306546688079834
293, 0.2761664390563965
294, 0.2705347537994385
295, 0.2996501922607422
296, 0.2897307872772217
297, 0.4963085651397705
298, 0.37851667404174805
299, 0.2773780822753906
300, 0.471966028213501
301, 0.49480462074279785
302, 0.292494535446167
303, 0.29886317253112793
304, 0.3463406562805176
305, 0.2900102138519287
306, 0.28095078468322754
307, 0.3506004810333252
308, 0.5120434761047363
309, 0.61549973487854
310, 0.5108320713043213
311, 0.3739054203033447
312, 0.44524574279785156
313, 0.5108633041381836
314, 0.2886960506439209
315, 0.4283313751220703
316, 0.4962642192840576
317, 0.2793259620666504
318, 0.4539649486541748
319, 0.4692652225494385
320, 0.28867316246032715
321, 0.47080039978027344
322, 0.443805456161499
323, 0.4208519458770752
324, 0.46637725830078125
325, 0.31673574447631836
326, 0.29645657539367676
327, 0.4108283519744873
328, 0.27606868743896484
329, 0.28621411323547363
330, 0.31999897956848145
331, 0.3082270622253418
332, 0.3448336124420166
333, 0.2740440368652344
334, 0.26035380363464355
335, 0.3018984794616699
336, 0.49529576301574707
337, 0.30092716217041016
338, 0.5183169841766357
339, 0.4508824348449707
340, 0.27624940872192383
341, 0.25508761405944824
342, 0.30130887031555176
343, 0.26949143409729004
344, 0.275982141494751
345, 0.29261302947998047
346, 0.255157470703125
347, 0.4926447868347168
348, 0.3044242858886719
349, 0.4095783233642578
350, 0.5137414932250977
351, 0.2702827453613281
352, 0.2691929340362549
353, 0.48275160789489746
354, 0.2988016605377197
355, 0.4175081253051758
356, 0.3075575828552246
357, 0.3647298812866211
358, 0.2825620174407959
359, 0.37662267684936523
360, 0.28347349166870117
361, 0.29142093658447266
362, 0.27785396575927734
363, 0.30164027214050293
364, 0.38434839248657227
365, 0.3027522563934326
366, 0.5135531425476074
367, 0.5121250152587891
368, 0.36271119117736816
369, 0.28558826446533203
370, 0.2863504886627197
371, 0.274019718170166
372, 0.2766890525817871
373, 0.35745930671691895
374, 0.45465826988220215
375, 0.30886173248291016
376, 0.2859649658203125
377, 0.3845076560974121
378, 0.3066563606262207
379, 0.43999695777893066
380, 0.2870192527770996
381, 0.28801918029785156
382, 0.4163973331451416
383, 0.6164956092834473
384, 0.5119540691375732
385, 0.305877685546875
386, 0.30660080909729004
387, 0.41440367698669434
388, 0.27045416831970215
389, 0.2771790027618408
390, 0.3708982467651367
391, 0.5126545429229736
392, 0.30753588676452637
393, 0.40856027603149414
394, 0.3071572780609131
395, 0.28765273094177246
396, 0.5311427116394043
397, 0.6147646903991699
398, 0.4295337200164795
399, 0.4920201301574707
400, 0.2785642147064209
401, 0.3021373748779297
402, 0.4432344436645508
403, 0.38475537300109863
404, 0.33087158203125
405, 0.4102299213409424
406, 0.4001345634460449
407, 0.27530384063720703
408, 0.3489673137664795
409, 0.5166189670562744
410, 0.2862708568572998
411, 0.27434682846069336
412, 0.28818511962890625
413, 0.3642294406890869
414, 0.2933328151702881
415, 0.2778143882751465
416, 0.361769437789917
417, 0.3432912826538086
418, 0.26212549209594727
419, 0.41812992095947266
420, 0.6144015789031982
421, 0.3318474292755127
422, 0.48717379570007324
423, 0.5120785236358643
424, 0.6143975257873535
425, 0.43683958053588867
426, 0.42914557456970215
427, 0.47002482414245605
428, 0.48517608642578125
429, 0.265683650970459
430, 0.3705863952636719
431, 0.3969535827636719
432, 0.2831892967224121
433, 0.5485093593597412
434, 0.5120687484741211
435, 0.3099989891052246
436, 0.40657925605773926
437, 0.3042111396789551
438, 0.2951023578643799
439, 0.3819162845611572
440, 0.349851131439209
441, 0.4153175354003906
442, 0.2933175563812256
443, 0.5200281143188477
444, 0.39388251304626465
445, 0.35025501251220703
446, 0.3822591304779053
447, 0.47156405448913574
448, 0.5523662567138672
449, 0.37023401260375977
450, 0.3379387855529785
451, 0.5205657482147217
452, 0.3070869445800781
453, 0.3565208911895752
454, 0.28752875328063965
455, 0.3795487880706787
456, 0.512317419052124
457, 0.43265223503112793
458, 0.48897290229797363
459, 0.3398914337158203
460, 0.29036712646484375
461, 0.39362168312072754
462, 0.30725812911987305
463, 0.44350671768188477
464, 0.37563157081604004
465, 0.26076340675354004
466, 0.3540680408477783
467, 0.2900691032409668
468, 0.5285367965698242
469, 0.35931396484375
470, 0.2984001636505127
471, 0.2874720096588135
472, 0.48880839347839355
473, 0.4005303382873535
474, 0.4180421829223633
475, 0.5119969844818115
476, 0.36995506286621094
477, 0.34688782691955566
478, 0.265918493270874
479, 0.30536890029907227
480, 0.2859771251678467
481, 0.37194371223449707
482, 0.5133304595947266
483, 0.27674031257629395
484, 0.3356931209564209
485, 0.6144413948059082
486, 0.29284238815307617
487, 0.42388176918029785
488, 0.5138850212097168
489, 0.29499030113220215
490, 0.419863224029541
491, 0.28834033012390137
492, 0.2778322696685791
493, 0.560077428817749
494, 0.5120034217834473
495, 0.6143984794616699
496, 0.39804553985595703
497, 0.2666335105895996
498, 0.5640273094177246
499, 0.6142761707305908
500, 0.4210681915283203
501, 0.5005393028259277
502, 0.3101620674133301
503, 0.3181579113006592
504, 0.49799132347106934
505, 0.4142115116119385
506, 0.30112171173095703
507, 0.5133349895477295
508, 0.30788302421569824
509, 0.3465445041656494
510, 0.3697493076324463
511, 0.5117864608764648
512, 0.39013171195983887
513, 0.27565932273864746
514, 0.4604918956756592
515, 0.37435412406921387
516, 0.34242892265319824
517, 0.37769198417663574
518, 0.28026819229125977
519, 0.29141831398010254
520, 0.3818202018737793
521, 0.4478616714477539
522, 0.34236860275268555
523, 0.5407218933105469
524, 0.6167473793029785
525, 0.49553894996643066
526, 0.3757169246673584
527, 0.27215027809143066
528, 0.39013195037841797
529, 0.3999643325805664
530, 0.28817272186279297
531, 0.30852556228637695
532, 0.6411328315734863
533, 0.2960824966430664
534, 0.5235896110534668
535, 0.5119521617889404
536, 0.37552881240844727
537, 0.44450950622558594
538, 0.5110945701599121
539, 0.2777402400970459
540, 0.44790124893188477
541, 0.5031437873840332
542, 0.2793724536895752
543, 0.4372730255126953
544, 0.512427806854248
545, 0.2965505123138428
546, 0.4198949337005615
547, 0.4968838691711426
548, 0.6295163631439209
549, 0.3703644275665283
550, 0.28049397468566895
551, 0.3442974090576172
552, 0.43828773498535156
553, 0.28348684310913086
554, 0.36881160736083984
555, 0.3715062141418457
556, 0.5120160579681396
557, 0.2993302345275879
558, 0.5197837352752686
559, 0.42595791816711426
560, 0.2829914093017578
561, 0.5197949409484863
562, 0.3508260250091553
563, 0.2909677028656006
564, 0.469527006149292
565, 0.5172429084777832
566, 0.2790195941925049
567, 0.44748902320861816
568, 0.30789804458618164
569, 0.2727804183959961
570, 0.412431001663208
571, 0.338578462600708
572, 0.3742809295654297
573, 0.2999460697174072
574, 0.3491549491882324
575, 0.5133614540100098
576, 0.348224401473999
577, 0.3670620918273926
578, 0.2751166820526123
579, 0.28639698028564453
580, 0.29002881050109863
581, 0.37714648246765137
582, 0.3520081043243408
583, 0.37703633308410645
584, 0.3973579406738281
585, 0.3070814609527588
586, 0.31608080863952637
587, 0.44107747077941895
588, 0.30295610427856445
589, 0.44702792167663574
590, 0.27498865127563477
591, 0.47056102752685547
592, 0.2950856685638428
593, 0.2914092540740967
594, 0.33597493171691895
595, 0.37375736236572266
596, 0.39144039154052734
597, 0.26511526107788086
598, 0.5046253204345703
599, 0.3071560859680176
600, 0.36167454719543457
601, 0.4117746353149414
602, 0.3529937267303467
603, 0.4519932270050049
604, 0.4740738868713379
605, 0.4432368278503418
606, 0.29874706268310547
607, 0.37970972061157227
608, 0.3809351921081543
609, 0.27130818367004395
610, 0.4741485118865967
611, 0.4280869960784912
612, 0.31995296478271484
613, 0.48070859909057617
614, 0.38745903968811035
615, 0.3014533519744873
616, 0.3046905994415283
617, 0.28446245193481445
618, 0.3602137565612793
619, 0.3375511169433594
620, 0.48622608184814453
621, 0.50927734375
622, 0.3829493522644043
623, 0.3856658935546875
624, 0.355802059173584
625, 0.3077995777130127
626, 0.4089376926422119
627, 0.5119950771331787
628, 0.28978705406188965
629, 0.4269707202911377
630, 0.2893712520599365
631, 0.42688536643981934
632, 0.2749369144439697
633, 0.4423253536224365
634, 0.30713367462158203
635, 0.28328704833984375
636, 0.43840932846069336
637, 0.5070838928222656
638, 0.4931199550628662
639, 0.3260340690612793
640, 0.5119695663452148
641, 0.34222912788391113
642, 0.37487053871154785
643, 0.5116317272186279
644, 0.3313295841217041
645, 0.5930147171020508
646, 0.35251736640930176
647, 0.463864803314209
648, 0.5119738578796387
649, 0.3910346031188965
650, 0.4281272888183594
651, 0.30792784690856934
652, 0.3296473026275635
653, 0.276108980178833
654, 0.4174020290374756
655, 0.27791714668273926
656, 0.2750859260559082
657, 0.3064126968383789
658, 0.27381277084350586
659, 0.5063912868499756
660, 0.3226327896118164
661, 0.4973773956298828
662, 0.3966670036315918
663, 0.3101325035095215
664, 0.3149685859680176
665, 0.5119943618774414
666, 0.4006507396697998
667, 0.41843748092651367
668, 0.32399654388427734
669, 0.2644829750061035
670, 0.29795145988464355
671, 0.37703704833984375
672, 0.3756833076477051
673, 0.37438440322875977
674, 0.7558224201202393
675, 0.30686020851135254
676, 0.3368864059448242
677, 0.37554335594177246
678, 0.343127965927124
679, 0.32051897048950195
680, 0.30820775032043457
681, 0.3590397834777832
682, 0.5416202545166016
683, 0.37998509407043457
684, 0.2589709758758545
685, 0.3565361499786377
686, 0.40838050842285156
687, 0.5120525360107422
688, 0.5161330699920654
689, 0.31972575187683105
690, 0.3927726745605469
691, 0.27930235862731934
692, 0.2814369201660156
693, 0.46330785751342773
694, 0.39417195320129395
695, 0.2690427303314209
696, 0.46309924125671387
697, 0.32636404037475586
698, 0.28911685943603516
699, 0.5123443603515625
700, 0.3056666851043701
701, 0.30715060234069824
702, 0.34291696548461914
703, 0.37412405014038086
704, 0.40933728218078613
705, 0.3496823310852051
706, 0.4694690704345703
707, 0.3073136806488037
708, 0.4380621910095215
709, 0.4833567142486572
710, 0.3073158264160156
711, 0.2755401134490967
712, 0.4410557746887207
713, 0.5120134353637695
714, 0.4991798400878906
715, 0.32033753395080566
716, 0.28616786003112793
717, 0.298875093460083
718, 0.5410301685333252
719, 0.3549535274505615
720, 0.32642316818237305
721, 0.5161182880401611
722, 0.4422266483306885
723, 0.3047919273376465
724, 0.41044044494628906
725, 0.36716723442077637
726, 0.38480615615844727
727, 0.579153299331665
728, 0.384951114654541
729, 0.29189229011535645
730, 0.45001220703125
731, 0.3985610008239746
732, 0.3280978202819824
733, 0.3022141456604004
734, 0.30604052543640137
735, 0.5077042579650879
736, 0.3430755138397217
737, 0.378781795501709
738, 0.5068042278289795
739, 0.3340463638305664
740, 0.3834073543548584
741, 0.36917877197265625
742, 0.4403345584869385
743, 0.31614136695861816
744, 0.3906373977661133
745, 0.28530097007751465
746, 0.30843496322631836
747, 0.44962573051452637
748, 0.40904760360717773
749, 0.33675074577331543
750, 0.3800191879272461
751, 0.5115454196929932
752, 0.6197900772094727
753, 0.506927490234375
754, 0.71830153465271
755, 0.6144943237304688
756, 0.6128792762756348
757, 0.28619909286499023
758, 0.3582906723022461
759, 0.25849390029907227
760, 0.42809033393859863
761, 0.3855617046356201
762, 0.3350989818572998
763, 0.4056072235107422
764, 0.512047290802002
765, 0.281829833984375
766, 0.4349331855773926
767, 0.5119850635528564
768, 0.3329892158508301
769, 0.3837549686431885
770, 0.3513376712799072
771, 0.43340444564819336
772, 0.2709798812866211
773, 0.4802360534667969
774, 0.27087926864624023
775, 0.2746117115020752
776, 0.4783806800842285
777, 0.43172740936279297
778, 0.6946873664855957
779, 0.3075573444366455
780, 0.43848514556884766
781, 0.4832596778869629
782, 0.4402649402618408
783, 0.29244089126586914
784, 0.3920609951019287
785, 0.30809450149536133
786, 0.2920546531677246
787, 0.26870179176330566
788, 0.3609766960144043
789, 0.5850942134857178
790, 0.29371142387390137
791, 0.4521675109863281
792, 0.45906925201416016
793, 0.29024648666381836
794, 0.4793698787689209
795, 0.457416296005249
796, 0.28365206718444824
797, 0.4658012390136719
798, 0.3313755989074707
799, 0.3922572135925293
800, 0.5270028114318848
801, 0.4327058792114258
802, 0.28327512741088867
803, 0.33991169929504395
804, 0.2972147464752197
805, 0.3065786361694336
806, 0.28731822967529297
807, 0.510634183883667
808, 0.39910435676574707
809, 0.26997876167297363
810, 0.4575197696685791
811, 0.2771313190460205
812, 0.266460657119751
813, 0.29639530181884766
814, 0.2789788246154785
815, 0.277268648147583
816, 0.3157625198364258
817, 0.26706981658935547
818, 0.28722596168518066
819, 0.2740516662597656
820, 0.38757991790771484
821, 0.45055103302001953
822, 0.5123827457427979
823, 0.2726473808288574
824, 0.2762908935546875
825, 0.3721494674682617
826, 0.2525146007537842
827, 0.2953362464904785
828, 0.2604544162750244
829, 0.41997814178466797
830, 0.5354492664337158
831, 0.30240440368652344
832, 0.4937920570373535
833, 0.4193401336669922
834, 0.2747340202331543
835, 0.3293795585632324
836, 0.30707287788391113
837, 0.309237003326416
838, 0.27289867401123047
839, 0.29608607292175293
840, 0.3509945869445801
841, 0.2767753601074219
842, 0.2820580005645752
843, 0.4651203155517578
844, 0.3072054386138916
845, 0.3891022205352783
846, 0.4300415515899658
847, 0.3666672706604004
848, 0.2806997299194336
849, 0.37660837173461914
850, 0.5119867324829102
851, 0.3513610363006592
852, 0.4673314094543457
853, 0.515845775604248
854, 0.30141687393188477
855, 0.4119889736175537
856, 0.34719014167785645
857, 0.3010132312774658
858, 0.2754642963409424
859, 0.40729689598083496
860, 0.3426206111907959
861, 0.3724229335784912
862, 0.41130733489990234
863, 0.35640692710876465
864, 0.279529333114624
865, 0.3880021572113037
866, 0.36380577087402344
867, 0.4070761203765869
868, 0.34139537811279297
869, 0.5260348320007324
870, 0.383817195892334
871, 0.2735724449157715
872, 0.3711707592010498
873, 0.5069117546081543
874, 0.5124247074127197
875, 0.30796122550964355
876, 0.3066134452819824
877, 0.34276604652404785
878, 0.4762136936187744
879, 0.32736682891845703
880, 0.26888084411621094
881, 0.27675652503967285
882, 0.355635404586792
883, 0.36295437812805176
884, 0.3631622791290283
885, 0.40023255348205566
886, 0.30718374252319336
887, 0.2895488739013672
888, 0.27109599113464355
889, 0.3655092716217041
890, 0.5073823928833008
891, 0.28374767303466797
892, 0.43343639373779297
893, 0.5387053489685059
894, 0.278766393661499
895, 0.26571011543273926
896, 0.4522969722747803
897, 0.28707408905029297
898, 0.4296705722808838
899, 0.338883638381958
900, 0.40653228759765625
901, 0.32181596755981445
902, 0.46918606758117676
903, 0.6138675212860107
904, 0.5119578838348389
905, 0.3071916103363037
906, 0.27022385597229004
907, 0.4465909004211426
908, 0.266188383102417
909, 0.4402456283569336
910, 0.2760007381439209
911, 0.39382481575012207
912, 0.4718461036682129
913, 0.2877631187438965
914, 0.27472734451293945
915, 0.4563724994659424
916, 0.3407905101776123
917, 0.47890615463256836
918, 0.34696173667907715
919, 0.29511284828186035
920, 0.27052927017211914
921, 0.41838526725769043
922, 0.2680826187133789
923, 0.28170323371887207
924, 0.4743976593017578
925, 0.36072301864624023
926, 0.3553283214569092
927, 0.41057896614074707
928, 0.356748104095459
929, 0.4337193965911865
930, 0.2675814628601074
931, 0.47687816619873047
932, 0.4828932285308838
933, 0.2721264362335205
934, 0.47379469871520996
935, 0.3047659397125244
936, 0.390153169631958
937, 0.32892751693725586
938, 0.5120108127593994
939, 0.3770744800567627
940, 0.4421117305755615
941, 0.5473365783691406
942, 0.29497671127319336
943, 0.4887862205505371
944, 0.34644579887390137
945, 0.31043100357055664
946, 0.2910466194152832
947, 0.3832859992980957
948, 0.3123438358306885
949, 0.28818631172180176
950, 0.32091236114501953
951, 0.5120396614074707
952, 0.3656926155090332
953, 0.4535486698150635
954, 0.28221607208251953
955, 0.3096029758453369
956, 0.5342605113983154
957, 0.37227702140808105
958, 0.2841179370880127
959, 0.2724580764770508
960, 0.30935120582580566
961, 0.400148868560791
962, 0.27896714210510254
963, 0.4377305507659912
964, 0.5120694637298584
965, 0.3739950656890869
966, 0.4451010227203369
967, 0.3633997440338135
968, 0.27799344062805176
969, 0.3825492858886719
970, 0.28079843521118164
971, 0.43593549728393555
972, 0.6143960952758789
973, 0.5121102333068848
974, 0.2722165584564209
975, 0.5468239784240723
976, 0.3071422576904297
977, 0.414231538772583
978, 0.40491223335266113
979, 0.5798110961914062
980, 0.2808699607849121
981, 0.2755584716796875
982, 0.5035293102264404
983, 0.40019893646240234
984, 0.4175691604614258
985, 0.3514671325683594
986, 0.2798926830291748
987, 0.28153562545776367
988, 0.5208053588867188
989, 0.3620889186859131
990, 0.4568159580230713
991, 0.5123245716094971
992, 0.33675146102905273
993, 0.4820749759674072
994, 0.5120227336883545
995, 0.3490726947784424
996, 0.47119712829589844
997, 0.3302145004272461
998, 0.6131024360656738
999, 0.3866710662841797
1000, 0.4086904525756836
