0, 0.06324028968811035
1, 0.04018831253051758
2, 0.05064582824707031
3, 0.04195976257324219
4, 0.03987526893615723
5, 0.04024839401245117
6, 0.04201865196228027
7, 0.040555477142333984
8, 0.03860878944396973
9, 0.038559913635253906
10, 0.03930497169494629
11, 0.038346052169799805
12, 0.039707183837890625
13, 0.040148258209228516
14, 0.04142880439758301
15, 0.0415186882019043
16, 0.046262502670288086
17, 0.04509902000427246
18, 0.04507637023925781
19, 0.05222630500793457
20, 0.042612314224243164
21, 0.04331398010253906
22, 0.04128003120422363
23, 0.04368758201599121
24, 0.06329679489135742
25, 0.04689788818359375
26, 0.045838117599487305
27, 0.043082237243652344
28, 0.041168928146362305
29, 0.06117820739746094
30, 0.04003095626831055
31, 0.05089926719665527
32, 0.04272103309631348
33, 0.04100632667541504
34, 0.05963397026062012
35, 0.040238380432128906
36, 0.04003000259399414
37, 0.03961682319641113
38, 0.0396878719329834
39, 0.03955364227294922
40, 0.04000401496887207
41, 0.04193687438964844
42, 0.039541006088256836
43, 0.03811764717102051
44, 0.039934396743774414
45, 0.04042768478393555
46, 0.04297351837158203
47, 0.03913569450378418
48, 0.04056954383850098
49, 0.04031538963317871
50, 0.04146981239318848
51, 0.038378238677978516
52, 0.03985428810119629
53, 0.037896156311035156
54, 0.041181325912475586
55, 0.03957080841064453
56, 0.04151725769042969
57, 0.07352852821350098
58, 0.04823875427246094
59, 0.06052970886230469
60, 0.05455613136291504
61, 0.06244301795959473
62, 0.04289412498474121
63, 0.04125022888183594
64, 0.04126262664794922
65, 0.04025864601135254
66, 0.03869128227233887
67, 0.042673587799072266
68, 0.03934359550476074
69, 0.03856325149536133
70, 0.03979682922363281
71, 0.04054093360900879
72, 0.040277957916259766
73, 0.038124799728393555
74, 0.045568227767944336
75, 0.061391592025756836
76, 0.04407763481140137
77, 0.04422283172607422
78, 0.040769100189208984
79, 0.03996014595031738
80, 0.040085554122924805
81, 0.04078793525695801
82, 0.03964972496032715
83, 0.06673121452331543
84, 0.04201483726501465
85, 0.040634870529174805
86, 0.040112972259521484
87, 0.04010748863220215
88, 0.042231082916259766
89, 0.040462493896484375
90, 0.04068350791931152
91, 0.03926849365234375
92, 0.046033620834350586
93, 0.04074454307556152
94, 0.058042287826538086
95, 0.04137611389160156
96, 0.04041171073913574
97, 0.04037880897521973
98, 0.04082298278808594
99, 0.043756961822509766
100, 0.040598392486572266
101, 0.04202461242675781
102, 0.039725542068481445
103, 0.03965163230895996
104, 0.03879594802856445
105, 0.0622713565826416
106, 0.041127920150756836
107, 0.04305529594421387
108, 0.05060601234436035
109, 0.04751229286193848
110, 0.05611538887023926
111, 0.04810285568237305
112, 0.04415535926818848
113, 0.04081606864929199
114, 0.03942513465881348
115, 0.0387270450592041
116, 0.04037046432495117
117, 0.0396881103515625
118, 0.06586027145385742
119, 0.04555821418762207
120, 0.0413973331451416
121, 0.05552864074707031
122, 0.04083442687988281
123, 0.04988527297973633
124, 0.044597625732421875
125, 0.04050779342651367
126, 0.03937935829162598
127, 0.04361844062805176
128, 0.043378353118896484
129, 0.040666818618774414
130, 0.03908038139343262
131, 0.06270003318786621
132, 0.04350733757019043
133, 0.04629707336425781
134, 0.044119834899902344
135, 0.03991580009460449
136, 0.06390976905822754
137, 0.04021811485290527
138, 0.049210548400878906
139, 0.046933889389038086
140, 0.04231595993041992
141, 0.05578470230102539
142, 0.03933143615722656
143, 0.03985261917114258
144, 0.039229631423950195
145, 0.04196023941040039
146, 0.04016900062561035
147, 0.039647579193115234
148, 0.03799891471862793
149, 0.04050803184509277
150, 0.03932642936706543
151, 0.0395967960357666
152, 0.03952741622924805
153, 0.04151010513305664
154, 0.038539886474609375
155, 0.03917741775512695
156, 0.04056048393249512
157, 0.0401463508605957
158, 0.04283928871154785
159, 0.041029930114746094
160, 0.041599273681640625
161, 0.03922295570373535
162, 0.03928971290588379
163, 0.05279135704040527
164, 0.052649497985839844
165, 0.04296612739562988
166, 0.04080843925476074
167, 0.04475808143615723
168, 0.04024076461791992
169, 0.0661466121673584
170, 0.039331912994384766
171, 0.04025387763977051
172, 0.05227494239807129
173, 0.04118061065673828
174, 0.06328177452087402
175, 0.04750704765319824
176, 0.041719913482666016
177, 0.03878211975097656
178, 0.04012727737426758
179, 0.040090322494506836
180, 0.04372406005859375
181, 0.04486536979675293
182, 0.0581355094909668
183, 0.042101144790649414
184, 0.04079604148864746
185, 0.03997182846069336
186, 0.04213762283325195
187, 0.04092264175415039
188, 0.03919482231140137
189, 0.03895092010498047
190, 0.0394589900970459
191, 0.04074692726135254
192, 0.041739463806152344
193, 0.04039120674133301
194, 0.039308786392211914
195, 0.03735709190368652
196, 0.04012250900268555
197, 0.03816509246826172
198, 0.04477405548095703
199, 0.062090158462524414
200, 0.04225635528564453
201, 0.03992795944213867
202, 0.05133986473083496
203, 0.04135394096374512
204, 0.06464076042175293
205, 0.04374074935913086
206, 0.03925299644470215
207, 0.040065765380859375
208, 0.04287433624267578
209, 0.06788277626037598
210, 0.04178786277770996
211, 0.03937792778015137
212, 0.04296469688415527
213, 0.04001212120056152
214, 0.03943061828613281
215, 0.039849281311035156
216, 0.039147377014160156
217, 0.07230710983276367
218, 0.04946279525756836
219, 0.06853938102722168
220, 0.040694236755371094
221, 0.03951716423034668
222, 0.039240360260009766
223, 0.03936052322387695
224, 0.040329933166503906
225, 0.040052175521850586
226, 0.04640603065490723
227, 0.040926456451416016
228, 0.03981447219848633
229, 0.03969550132751465
230, 0.06452441215515137
231, 0.04073929786682129
232, 0.047264814376831055
233, 0.03922414779663086
234, 0.0396425724029541
235, 0.04030799865722656
236, 0.03847837448120117
237, 0.03990507125854492
238, 0.03992128372192383
239, 0.04165387153625488
240, 0.03983902931213379
241, 0.03998684883117676
242, 0.04148745536804199
243, 0.04079747200012207
244, 0.06245923042297363
245, 0.048815250396728516
246, 0.041056156158447266
247, 0.04026198387145996
248, 0.0391848087310791
249, 0.07879209518432617
250, 0.04327750205993652
251, 0.0631113052368164
252, 0.0487055778503418
253, 0.04257488250732422
254, 0.0411984920501709
255, 0.0402829647064209
256, 0.06296873092651367
257, 0.03891563415527344
258, 0.03938722610473633
259, 0.04076361656188965
260, 0.04045581817626953
261, 0.04041242599487305
262, 0.03955268859863281
263, 0.038735389709472656
264, 0.04033708572387695
265, 0.03947567939758301
266, 0.03873896598815918
267, 0.03990507125854492
268, 0.039748430252075195
269, 0.04071378707885742
270, 0.03874850273132324
271, 0.04036545753479004
272, 0.039746761322021484
273, 0.03977346420288086
274, 0.04138517379760742
275, 0.03995537757873535
276, 0.039611101150512695
277, 0.042726993560791016
278, 0.041033029556274414
279, 0.07909941673278809
280, 0.04204750061035156
281, 0.06059527397155762
282, 0.04072427749633789
283, 0.04021787643432617
284, 0.04238438606262207
285, 0.043699026107788086
286, 0.06924700736999512
287, 0.041285037994384766
288, 0.040740013122558594
289, 0.0402827262878418
290, 0.03792548179626465
291, 0.03943657875061035
292, 0.04860377311706543
293, 0.042914390563964844
294, 0.06229805946350098
295, 0.04130744934082031
296, 0.04244256019592285
297, 0.04081106185913086
298, 0.04138350486755371
299, 0.03941154479980469
300, 0.0419003963470459
301, 0.045361995697021484
302, 0.061859130859375
303, 0.041773319244384766
304, 0.04127645492553711
305, 0.03939461708068848
306, 0.03927493095397949
307, 0.040815114974975586
308, 0.043734073638916016
309, 0.0397341251373291
310, 0.04240059852600098
311, 0.058484554290771484
312, 0.041500091552734375
313, 0.044239044189453125
314, 0.04283452033996582
315, 0.040877580642700195
316, 0.03907418251037598
317, 0.039376258850097656
318, 0.0391077995300293
319, 0.04003739356994629
320, 0.043062686920166016
321, 0.040662288665771484
322, 0.04013872146606445
323, 0.03882551193237305
324, 0.04059195518493652
325, 0.04275155067443848
326, 0.04224109649658203
327, 0.06221270561218262
328, 0.04061269760131836
329, 0.04048728942871094
330, 0.03976178169250488
331, 0.04430246353149414
332, 0.04266810417175293
333, 0.04665207862854004
334, 0.04188060760498047
335, 0.05564427375793457
336, 0.04082441329956055
337, 0.039092063903808594
338, 0.03827548027038574
339, 0.04095268249511719
340, 0.03901052474975586
341, 0.03859901428222656
342, 0.03947925567626953
343, 0.03964114189147949
344, 0.03993940353393555
345, 0.039571523666381836
346, 0.039325714111328125
347, 0.041254520416259766
348, 0.039960622787475586
349, 0.03813624382019043
350, 0.041086673736572266
351, 0.042630910873413086
352, 0.04071688652038574
353, 0.03847670555114746
354, 0.0398709774017334
355, 0.0396730899810791
356, 0.040117502212524414
357, 0.03966927528381348
358, 0.04014444351196289
359, 0.04137992858886719
360, 0.04030585289001465
361, 0.03858637809753418
362, 0.04047966003417969
363, 0.0380094051361084
364, 0.04010772705078125
365, 0.040470123291015625
366, 0.03940463066101074
367, 0.06731820106506348
368, 0.04958295822143555
369, 0.0651555061340332
370, 0.042760372161865234
371, 0.03873181343078613
372, 0.04187750816345215
373, 0.040224313735961914
374, 0.07074546813964844
375, 0.0430757999420166
376, 0.03945207595825195
377, 0.04015755653381348
378, 0.05006885528564453
379, 0.06536674499511719
380, 0.04122662544250488
381, 0.04047226905822754
382, 0.03932619094848633
383, 0.039579153060913086
384, 0.03904223442077637
385, 0.07901477813720703
386, 0.046529293060302734
387, 0.041341543197631836
388, 0.04020428657531738
389, 0.04026532173156738
390, 0.03951907157897949
391, 0.04198861122131348
392, 0.0640420913696289
393, 0.04493117332458496
394, 0.041014671325683594
395, 0.048653364181518555
396, 0.04019045829772949
397, 0.06584358215332031
398, 0.0415339469909668
399, 0.03964567184448242
400, 0.04262876510620117
401, 0.04158449172973633
402, 0.06553053855895996
403, 0.041651010513305664
404, 0.03996396064758301
405, 0.040035247802734375
406, 0.03775215148925781
407, 0.03885364532470703
408, 0.03981804847717285
409, 0.04629874229431152
410, 0.04163336753845215
411, 0.05695986747741699
412, 0.04098987579345703
413, 0.04998922348022461
414, 0.041216135025024414
415, 0.0424041748046875
416, 0.05276179313659668
417, 0.0445401668548584
418, 0.05448460578918457
419, 0.03933143615722656
420, 0.0415644645690918
421, 0.04464316368103027
422, 0.04172062873840332
423, 0.041066646575927734
424, 0.04127907752990723
425, 0.04121971130371094
426, 0.062439918518066406
427, 0.040465354919433594
428, 0.038663387298583984
429, 0.0390772819519043
430, 0.04092097282409668
431, 0.04030251502990723
432, 0.15708255767822266
433, 0.0438997745513916
434, 0.0458073616027832
435, 0.039077043533325195
436, 0.03987312316894531
437, 0.0670783519744873
438, 0.04066753387451172
439, 0.041194915771484375
440, 0.04120922088623047
441, 0.04206132888793945
442, 0.04276418685913086
443, 0.040535688400268555
444, 0.04724454879760742
445, 0.05782365798950195
446, 0.043001413345336914
447, 0.04160141944885254
448, 0.04117107391357422
449, 0.040201663970947266
450, 0.04435873031616211
451, 0.0437471866607666
452, 0.03990292549133301
453, 0.06400561332702637
454, 0.04541802406311035
455, 0.0656430721282959
456, 0.04340028762817383
457, 0.04036593437194824
458, 0.039957284927368164
459, 0.04014921188354492
460, 0.03978753089904785
461, 0.04006028175354004
462, 0.03909420967102051
463, 0.0402836799621582
464, 0.10205221176147461
465, 0.06305575370788574
466, 0.04221200942993164
467, 0.06264686584472656
468, 0.041483402252197266
469, 0.041938066482543945
470, 0.03988385200500488
471, 0.040822505950927734
472, 0.040843963623046875
473, 0.04150986671447754
474, 0.04012656211853027
475, 0.06808161735534668
476, 0.04619598388671875
477, 0.0423123836517334
478, 0.04073333740234375
479, 0.04651594161987305
480, 0.07407736778259277
481, 0.04738807678222656
482, 0.05815911293029785
483, 0.040703773498535156
484, 0.04198646545410156
485, 0.03978896141052246
486, 0.04004645347595215
487, 0.0391387939453125
488, 0.040628910064697266
489, 0.04203152656555176
490, 0.041300296783447266
491, 0.039510488510131836
492, 0.04110455513000488
493, 0.07476329803466797
494, 0.0402989387512207
495, 0.04050397872924805
496, 0.04076123237609863
497, 0.04010462760925293
498, 0.06710553169250488
499, 0.04290652275085449
500, 0.04356646537780762
501, 0.04084968566894531
502, 0.04182839393615723
503, 0.07010388374328613
504, 0.043584346771240234
505, 0.04114246368408203
506, 0.041259050369262695
507, 0.0406641960144043
508, 0.0399165153503418
509, 0.04068112373352051
510, 0.040001630783081055
511, 0.06066536903381348
512, 0.04031085968017578
513, 0.04024386405944824
514, 0.0420079231262207
515, 0.050742149353027344
516, 0.06418204307556152
517, 0.041217803955078125
518, 0.043146371841430664
519, 0.04013204574584961
520, 0.039937734603881836
521, 0.0413668155670166
522, 0.03902101516723633
523, 0.04098963737487793
524, 0.04021883010864258
525, 0.04615521430969238
526, 0.03992724418640137
527, 0.05971360206604004
528, 0.03987431526184082
529, 0.04114174842834473
530, 0.0639944076538086
531, 0.04187464714050293
532, 0.04838752746582031
533, 0.04149603843688965
534, 0.044703006744384766
535, 0.04672694206237793
536, 0.040926456451416016
537, 0.06299471855163574
538, 0.0412752628326416
539, 0.03982901573181152
540, 0.04165911674499512
541, 0.04363727569580078
542, 0.040215492248535156
543, 0.04099082946777344
544, 0.0408017635345459
545, 0.040140390396118164
546, 0.040513038635253906
547, 0.03887057304382324
548, 0.06658339500427246
549, 0.04067230224609375
550, 0.0389552116394043
551, 0.03998756408691406
552, 0.0402224063873291
553, 0.041437625885009766
554, 0.03927731513977051
555, 0.037966251373291016
556, 0.04006767272949219
557, 0.04029560089111328
558, 0.044150590896606445
559, 0.04043745994567871
560, 0.04074358940124512
561, 0.040659427642822266
562, 0.06462287902832031
563, 0.05137348175048828
564, 0.07039523124694824
565, 0.04333329200744629
566, 0.04387855529785156
567, 0.0581212043762207
568, 0.040662527084350586
569, 0.04421114921569824
570, 0.03857159614562988
571, 0.04261445999145508
572, 0.04075765609741211
573, 0.0372157096862793
574, 0.03834891319274902
575, 0.03883671760559082
576, 0.04355454444885254
577, 0.040688276290893555
578, 0.07583928108215332
579, 0.04263138771057129
580, 0.04201149940490723
581, 0.04011058807373047
582, 0.03997635841369629
583, 0.04166126251220703
584, 0.03977513313293457
585, 0.06603145599365234
586, 0.04320693016052246
587, 0.04433727264404297
588, 0.046195030212402344
589, 0.04003167152404785
590, 0.06275177001953125
591, 0.05950045585632324
592, 0.05915260314941406
593, 0.042620182037353516
594, 0.04227161407470703
595, 0.0402064323425293
596, 0.038255929946899414
597, 0.047540903091430664
598, 0.041411638259887695
599, 0.03931164741516113
600, 0.06390142440795898
601, 0.04255986213684082
602, 0.042168378829956055
603, 0.0403141975402832
604, 0.03778648376464844
605, 0.03980255126953125
606, 0.04531431198120117
607, 0.042885780334472656
608, 0.06402397155761719
609, 0.04266214370727539
610, 0.0404965877532959
611, 0.03892803192138672
612, 0.04131054878234863
613, 0.040062665939331055
614, 0.043628692626953125
615, 0.03982806205749512
616, 0.04008364677429199
617, 0.0413060188293457
618, 0.03909039497375488
619, 0.06423282623291016
620, 0.040090084075927734
621, 0.04149317741394043
622, 0.03903794288635254
623, 0.0387725830078125
624, 0.052423954010009766
625, 0.03940892219543457
626, 0.04082942008972168
627, 0.06130266189575195
628, 0.04162955284118652
629, 0.03969979286193848
630, 0.03968477249145508
631, 0.03966331481933594
632, 0.039858102798461914
633, 0.06213688850402832
634, 0.04016566276550293
635, 0.05192971229553223
636, 0.04068422317504883
637, 0.0415952205657959
638, 0.04075431823730469
639, 0.04370856285095215
640, 0.039727210998535156
641, 0.03947710990905762
642, 0.03974509239196777
643, 0.0395050048828125
644, 0.03743171691894531
645, 0.039608001708984375
646, 0.04091048240661621
647, 0.040140628814697266
648, 0.03974103927612305
649, 0.040549278259277344
650, 0.04242992401123047
651, 0.03943514823913574
652, 0.06426191329956055
653, 0.03921866416931152
654, 0.04012703895568848
655, 0.03990316390991211
656, 0.039638519287109375
657, 0.0404512882232666
658, 0.039785146713256836
659, 0.04112386703491211
660, 0.0401153564453125
661, 0.039835453033447266
662, 0.04485130310058594
663, 0.04002976417541504
664, 0.04050707817077637
665, 0.03891444206237793
666, 0.06415295600891113
667, 0.04545474052429199
668, 0.03999638557434082
669, 0.1526641845703125
670, 0.04148149490356445
671, 0.039601802825927734
672, 0.04051494598388672
673, 0.03785538673400879
674, 0.04086875915527344
675, 0.04121994972229004
676, 0.04085493087768555
677, 0.04360795021057129
678, 0.041738271713256836
679, 0.04096627235412598
680, 0.07614398002624512
681, 0.04281044006347656
682, 0.06120657920837402
683, 0.039986610412597656
684, 0.03950905799865723
685, 0.29236316680908203
686, 0.04675745964050293
687, 0.06624889373779297
688, 0.04051375389099121
689, 0.03990006446838379
690, 0.0399014949798584
691, 0.04960918426513672
692, 0.05381631851196289
693, 0.04162740707397461
694, 0.04082751274108887
695, 0.04160904884338379
696, 0.040387630462646484
697, 0.039980411529541016
698, 0.04009127616882324
699, 0.04058027267456055
700, 0.04395937919616699
701, 0.03754687309265137
702, 0.03939986228942871
703, 0.04007983207702637
704, 0.03938436508178711
705, 0.04314112663269043
706, 0.06085538864135742
707, 0.04109954833984375
708, 0.04015851020812988
709, 0.03968930244445801
710, 0.03970026969909668
711, 0.04049539566040039
712, 0.03978252410888672
713, 0.03997516632080078
714, 0.04013943672180176
715, 0.03935551643371582
716, 0.03926515579223633
717, 0.07527923583984375
718, 0.03854060173034668
719, 0.04144716262817383
720, 0.04162454605102539
721, 0.04055356979370117
722, 0.04177498817443848
723, 0.040490150451660156
724, 0.04204225540161133
725, 0.039253950119018555
726, 0.040062665939331055
727, 0.038953304290771484
728, 0.04049491882324219
729, 0.07232856750488281
730, 0.04163336753845215
731, 0.041890859603881836
732, 0.047095298767089844
733, 0.0581514835357666
734, 0.04228019714355469
735, 0.039647817611694336
736, 0.04182267189025879
737, 0.046546220779418945
738, 0.03992629051208496
739, 0.04016757011413574
740, 0.04319262504577637
741, 0.06197094917297363
742, 0.04389476776123047
743, 0.04143190383911133
744, 0.041698455810546875
745, 0.040746450424194336
746, 0.03967142105102539
747, 0.04109334945678711
748, 0.043195486068725586
749, 0.06357860565185547
750, 0.04145312309265137
751, 0.03928542137145996
752, 0.0437932014465332
753, 0.03993964195251465
754, 0.04095625877380371
755, 0.04719281196594238
756, 0.0413975715637207
757, 0.058211565017700195
758, 0.05409049987792969
759, 0.06343960762023926
760, 0.04073691368103027
761, 0.04063558578491211
762, 0.03972339630126953
763, 0.03934884071350098
764, 0.03896927833557129
765, 0.040825843811035156
766, 0.039209604263305664
767, 0.04021048545837402
768, 0.03961443901062012
769, 0.04025530815124512
770, 0.04405975341796875
771, 0.03941917419433594
772, 0.04078340530395508
773, 0.03892183303833008
774, 0.04002499580383301
775, 0.040784597396850586
776, 0.04054427146911621
777, 0.03985166549682617
778, 0.03922247886657715
779, 0.06631088256835938
780, 0.04099774360656738
781, 0.04164481163024902
782, 0.043905019760131836
783, 0.04130363464355469
784, 0.04086041450500488
785, 0.04480886459350586
786, 0.04546308517456055
787, 0.05831146240234375
788, 0.03826618194580078
789, 0.042107582092285156
790, 0.0399022102355957
791, 0.04072856903076172
792, 0.04067587852478027
793, 0.03964638710021973
794, 0.041806936264038086
795, 0.06656551361083984
796, 0.04178619384765625
797, 0.0410616397857666
798, 0.03874945640563965
799, 0.03967928886413574
800, 0.04097795486450195
801, 0.040289878845214844
802, 0.03862619400024414
803, 0.040618181228637695
804, 0.040892601013183594
805, 0.03980851173400879
806, 0.07016396522521973
807, 0.045659542083740234
808, 0.041761159896850586
809, 0.04308176040649414
810, 0.04500699043273926
811, 0.06178426742553711
812, 0.04348564147949219
813, 0.041393280029296875
814, 0.045683860778808594
815, 0.0391082763671875
816, 0.038702964782714844
817, 0.041252851486206055
818, 0.0403745174407959
819, 0.06465959548950195
820, 0.04208016395568848
821, 0.040815114974975586
822, 0.04035353660583496
823, 0.04045987129211426
824, 0.038335323333740234
825, 0.03999686241149902
826, 0.04069089889526367
827, 0.04048418998718262
828, 0.045027971267700195
829, 0.041249752044677734
830, 0.06150650978088379
831, 0.04105114936828613
832, 0.04132843017578125
833, 0.03979158401489258
834, 0.03794217109680176
835, 0.039716482162475586
836, 0.04322481155395508
837, 0.04087042808532715
838, 0.04146623611450195
839, 0.04039335250854492
840, 0.04012274742126465
841, 0.06278085708618164
842, 0.04254651069641113
843, 0.042855262756347656
844, 0.04372739791870117
845, 0.04338574409484863
846, 0.04046463966369629
847, 0.03947877883911133
848, 0.03996443748474121
849, 0.04006767272949219
850, 0.04004979133605957
851, 0.04028725624084473
852, 0.06832647323608398
853, 0.041785240173339844
854, 0.03958535194396973
855, 0.04711318016052246
856, 0.04024934768676758
857, 0.06140327453613281
858, 0.041578054428100586
859, 0.044877052307128906
860, 0.04118919372558594
861, 0.040435075759887695
862, 0.03955841064453125
863, 0.03964710235595703
864, 0.042714834213256836
865, 0.06435704231262207
866, 0.042218923568725586
867, 0.04345369338989258
868, 0.03875303268432617
869, 0.03998136520385742
870, 0.04186391830444336
871, 0.04478812217712402
872, 0.03953886032104492
873, 0.06436586380004883
874, 0.04145216941833496
875, 0.03948020935058594
876, 0.037941694259643555
877, 0.03960824012756348
878, 0.040024518966674805
879, 0.04006671905517578
880, 0.03936481475830078
881, 0.039121150970458984
882, 0.0401158332824707
883, 0.04257535934448242
884, 0.041812896728515625
885, 0.04284262657165527
886, 0.04325056076049805
887, 0.06177687644958496
888, 0.03965115547180176
889, 0.04169201850891113
890, 0.04016375541687012
891, 0.04021906852722168
892, 0.04030585289001465
893, 0.04074811935424805
894, 0.041068077087402344
895, 0.0399937629699707
896, 0.04000663757324219
897, 0.03927421569824219
898, 0.03952741622924805
899, 0.041030168533325195
900, 0.04306483268737793
901, 0.07646298408508301
902, 0.044031381607055664
903, 0.06177997589111328
904, 0.040369272232055664
905, 0.04133129119873047
906, 0.04310417175292969
907, 0.03992342948913574
908, 0.04117536544799805
909, 0.040375471115112305
910, 0.048715829849243164
911, 0.061964988708496094
912, 0.040721893310546875
913, 0.04131627082824707
914, 0.03989601135253906
915, 0.03913736343383789
916, 0.04158329963684082
917, 0.04016876220703125
918, 0.04114198684692383
919, 0.040882110595703125
920, 0.04461669921875
921, 0.0507807731628418
922, 0.06307435035705566
923, 0.03986620903015137
924, 0.038960933685302734
925, 0.04218482971191406
926, 0.03822135925292969
927, 0.06302547454833984
928, 0.040766000747680664
929, 0.04195904731750488
930, 0.054709672927856445
931, 0.04115891456604004
932, 0.05776214599609375
933, 0.05571413040161133
934, 0.06283140182495117
935, 0.0423734188079834
936, 0.04009389877319336
937, 0.04030656814575195
938, 0.03891706466674805
939, 0.040697336196899414
940, 0.0407099723815918
941, 0.03925013542175293
942, 0.03973221778869629
943, 0.03926849365234375
944, 0.039067983627319336
945, 0.03902006149291992
946, 0.045449256896972656
947, 0.039518117904663086
948, 0.06633114814758301
949, 0.04352974891662598
950, 0.040988922119140625
951, 0.0407862663269043
952, 0.04273509979248047
953, 0.03923368453979492
954, 0.03976726531982422
955, 0.039182186126708984
956, 0.039740562438964844
957, 0.04309415817260742
958, 0.03936362266540527
959, 0.06463360786437988
960, 0.03900551795959473
961, 0.04028725624084473
962, 0.05487942695617676
963, 0.03994441032409668
964, 0.060506582260131836
965, 0.04044818878173828
966, 0.04083585739135742
967, 0.03949880599975586
968, 0.04262804985046387
969, 0.041322946548461914
970, 0.04024696350097656
971, 0.039942264556884766
972, 0.044429779052734375
973, 0.04118490219116211
974, 0.041521310806274414
975, 0.08081746101379395
976, 0.04305124282836914
977, 0.05589699745178223
978, 0.04303908348083496
979, 0.07490682601928711
980, 0.04200267791748047
981, 0.043951988220214844
982, 0.04107189178466797
983, 0.04144787788391113
984, 0.04012703895568848
985, 0.04045605659484863
986, 0.04059338569641113
987, 0.06467556953430176
988, 0.04154324531555176
989, 0.03818058967590332
990, 0.049425601959228516
991, 0.04476189613342285
992, 0.06195068359375
993, 0.04034256935119629
994, 0.040209293365478516
995, 0.0396728515625
996, 0.0393376350402832
997, 0.04176211357116699
998, 0.04121255874633789
999, 0.039464473724365234
1000, 0.038877248764038086
