0, 0.06691670417785645
1, 0.03934025764465332
2, 0.04088330268859863
3, 0.044055938720703125
4, 0.03898191452026367
5, 0.041018009185791016
6, 0.03650212287902832
7, 0.03885626792907715
8, 0.0374760627746582
9, 0.03963899612426758
10, 0.0365443229675293
11, 0.04084491729736328
12, 0.03750133514404297
13, 0.03984498977661133
14, 0.036843299865722656
15, 0.03626704216003418
16, 0.04028582572937012
17, 0.043666839599609375
18, 0.03867673873901367
19, 0.03648996353149414
20, 0.03702664375305176
21, 0.0389556884765625
22, 0.04183483123779297
23, 0.037679195404052734
24, 0.03853893280029297
25, 0.04073524475097656
26, 0.037969112396240234
27, 0.03915667533874512
28, 0.041944026947021484
29, 0.0406804084777832
30, 0.03814888000488281
31, 0.03910684585571289
32, 0.04272770881652832
33, 0.042455434799194336
34, 0.037721872329711914
35, 0.03760409355163574
36, 0.04105329513549805
37, 0.04038047790527344
38, 0.03883814811706543
39, 0.04014730453491211
40, 0.03863668441772461
41, 0.04124116897583008
42, 0.03911709785461426
43, 0.03862118721008301
44, 0.03966403007507324
45, 0.038852691650390625
46, 0.038854122161865234
47, 0.03858518600463867
48, 0.03899502754211426
49, 0.04116940498352051
50, 0.03905916213989258
51, 0.039983510971069336
52, 0.04062247276306152
53, 0.03969073295593262
54, 0.03907489776611328
55, 0.037805795669555664
56, 0.03802132606506348
57, 0.037862300872802734
58, 0.04842829704284668
59, 0.038969993591308594
60, 0.0420536994934082
61, 0.03981733322143555
62, 0.03673124313354492
63, 0.03850817680358887
64, 0.040392398834228516
65, 0.037924766540527344
66, 0.03854513168334961
67, 0.03806471824645996
68, 0.038181304931640625
69, 0.039212942123413086
70, 0.03735995292663574
71, 0.039493560791015625
72, 0.03859567642211914
73, 0.03916668891906738
74, 0.0390779972076416
75, 0.037192583084106445
76, 0.03801751136779785
77, 0.037667274475097656
78, 0.0377202033996582
79, 0.041295766830444336
80, 0.03881430625915527
81, 0.0400087833404541
82, 0.039713382720947266
83, 0.038791656494140625
84, 0.040618896484375
85, 0.03783369064331055
86, 0.040500640869140625
87, 0.03993630409240723
88, 0.03898930549621582
89, 0.03876185417175293
90, 0.039076805114746094
91, 0.0399630069732666
92, 0.03854489326477051
93, 0.03875899314880371
94, 0.04079890251159668
95, 0.039099931716918945
96, 0.038835763931274414
97, 0.03948545455932617
98, 0.0383760929107666
99, 0.04201674461364746
100, 0.03983807563781738
101, 0.04465794563293457
102, 0.039994239807128906
103, 0.037598609924316406
104, 0.04109072685241699
105, 0.03934931755065918
106, 0.03847384452819824
107, 0.038848876953125
108, 0.036891937255859375
109, 0.03958582878112793
110, 0.04063868522644043
111, 0.040869951248168945
112, 0.038831233978271484
113, 0.044118404388427734
114, 0.037763118743896484
115, 0.038881540298461914
116, 0.03998589515686035
117, 0.038411855697631836
118, 0.03766775131225586
119, 0.03769040107727051
120, 0.03873085975646973
121, 0.03844904899597168
122, 0.03905749320983887
123, 0.03946542739868164
124, 0.03861045837402344
125, 0.0380253791809082
126, 0.03936433792114258
127, 0.03939485549926758
128, 0.04252791404724121
129, 0.03846335411071777
130, 0.04069924354553223
131, 0.040029048919677734
132, 0.03813338279724121
133, 0.038458824157714844
134, 0.037017107009887695
135, 0.03919553756713867
136, 0.041345834732055664
137, 0.037763118743896484
138, 0.03943991661071777
139, 0.03799748420715332
140, 0.039205074310302734
141, 0.0395512580871582
142, 0.039418697357177734
143, 0.037972450256347656
144, 0.03941059112548828
145, 0.04045271873474121
146, 0.03793048858642578
147, 0.03941607475280762
148, 0.04211854934692383
149, 0.03817009925842285
150, 0.038378000259399414
151, 0.041449546813964844
152, 0.03780937194824219
153, 0.041687726974487305
154, 0.0380556583404541
155, 0.03791356086730957
156, 0.039019107818603516
157, 0.04009652137756348
158, 0.03883671760559082
159, 0.042090654373168945
160, 0.042368173599243164
161, 0.040422677993774414
162, 0.03946685791015625
163, 0.03873896598815918
164, 0.0392911434173584
165, 0.03903341293334961
166, 0.0392301082611084
167, 0.03885006904602051
168, 0.03797745704650879
169, 0.0413053035736084
170, 0.03601479530334473
171, 0.03777003288269043
172, 0.04070401191711426
173, 0.03852224349975586
174, 0.03725385665893555
175, 0.040663719177246094
176, 0.038550376892089844
177, 0.042008161544799805
178, 0.03840065002441406
179, 0.03908419609069824
180, 0.0401763916015625
181, 0.03872418403625488
182, 0.03832292556762695
183, 0.038603782653808594
184, 0.04113483428955078
185, 0.03821444511413574
186, 0.039545297622680664
187, 0.03941941261291504
188, 0.0422978401184082
189, 0.03970813751220703
190, 0.05267214775085449
191, 0.03913164138793945
192, 0.03816699981689453
193, 0.03761696815490723
194, 0.038512468338012695
195, 0.03699612617492676
196, 0.03909802436828613
197, 0.03863382339477539
198, 0.04064321517944336
199, 0.03727316856384277
200, 0.03825545310974121
201, 0.04028654098510742
202, 0.0404052734375
203, 0.03925275802612305
204, 0.04030561447143555
205, 0.03832077980041504
206, 0.04116487503051758
207, 0.037964582443237305
208, 0.04009103775024414
209, 0.039539337158203125
210, 0.04037642478942871
211, 0.03800320625305176
212, 0.036287546157836914
213, 0.039690494537353516
214, 0.03845071792602539
215, 0.03754854202270508
216, 0.03966856002807617
217, 0.03881573677062988
218, 0.03841733932495117
219, 0.03560042381286621
220, 0.04007744789123535
221, 0.03814840316772461
222, 0.03877520561218262
223, 0.04159140586853027
224, 0.03854179382324219
225, 0.03887510299682617
226, 0.04026627540588379
227, 0.03923320770263672
228, 0.03732705116271973
229, 0.28218555450439453
230, 0.041886091232299805
231, 0.03937053680419922
232, 0.03899359703063965
233, 0.03788900375366211
234, 0.03888702392578125
235, 0.0411992073059082
236, 0.039496660232543945
237, 0.0394587516784668
238, 0.03921318054199219
239, 0.03716874122619629
240, 0.04034566879272461
241, 0.0514223575592041
242, 0.03914999961853027
243, 0.0633852481842041
244, 0.03997349739074707
245, 0.039510250091552734
246, 0.03910493850708008
247, 0.03868389129638672
248, 0.04003763198852539
249, 0.037688493728637695
250, 0.04065871238708496
251, 0.040624380111694336
252, 0.04177212715148926
253, 0.04366040229797363
254, 0.04018115997314453
255, 0.038288116455078125
256, 0.04888153076171875
257, 0.06069183349609375
258, 0.04089927673339844
259, 0.03987312316894531
260, 0.07876968383789062
261, 0.03939509391784668
262, 0.036846160888671875
263, 0.03873467445373535
264, 0.038576364517211914
265, 0.0411834716796875
266, 0.036943674087524414
267, 0.03921818733215332
268, 0.04089164733886719
269, 0.03943347930908203
270, 0.038793087005615234
271, 0.040067434310913086
272, 0.041600704193115234
273, 0.038904666900634766
274, 0.03786969184875488
275, 0.03909897804260254
276, 0.038511037826538086
277, 0.04734635353088379
278, 0.04483389854431152
279, 0.03830432891845703
280, 0.038063764572143555
281, 0.039786577224731445
282, 0.03899192810058594
283, 0.04013514518737793
284, 0.03788924217224121
285, 0.03958940505981445
286, 0.03813672065734863
287, 0.04027581214904785
288, 0.03882646560668945
289, 0.03884577751159668
290, 0.04585695266723633
291, 0.038454294204711914
292, 0.03689002990722656
293, 0.039159536361694336
294, 0.04088544845581055
295, 0.04149913787841797
296, 0.037305355072021484
297, 0.03726553916931152
298, 0.03853917121887207
299, 0.03606820106506348
300, 0.039544105529785156
301, 0.038834571838378906
302, 0.037821054458618164
303, 0.04060816764831543
304, 0.040433406829833984
305, 0.03727102279663086
306, 0.03823542594909668
307, 0.037691354751586914
308, 0.03913307189941406
309, 0.03831219673156738
310, 0.038537025451660156
311, 0.0420224666595459
312, 0.03821110725402832
313, 0.03958702087402344
314, 0.037996530532836914
315, 0.03978323936462402
316, 0.03830838203430176
317, 0.039162635803222656
318, 0.03883957862854004
319, 0.040925025939941406
320, 0.03888392448425293
321, 0.038138389587402344
322, 0.040041446685791016
323, 0.03791689872741699
324, 0.044936418533325195
325, 0.03968667984008789
326, 0.03905224800109863
327, 0.037575721740722656
328, 0.03776073455810547
329, 0.0391850471496582
330, 0.039201974868774414
331, 0.039728403091430664
332, 0.04501080513000488
333, 0.03910684585571289
334, 0.037755489349365234
335, 0.03757953643798828
336, 0.035924434661865234
337, 0.2778353691101074
338, 0.0410761833190918
339, 0.03913521766662598
340, 0.039005279541015625
341, 0.03853917121887207
342, 0.03940153121948242
343, 0.0391840934753418
344, 0.04186248779296875
345, 0.03995227813720703
346, 0.03743338584899902
347, 0.03951287269592285
348, 0.03801465034484863
349, 0.04053902626037598
350, 0.03945469856262207
351, 0.03733038902282715
352, 0.039984703063964844
353, 0.038161516189575195
354, 0.038919925689697266
355, 0.04021143913269043
356, 0.03903484344482422
357, 0.042726755142211914
358, 0.03739356994628906
359, 0.03583168983459473
360, 0.03765392303466797
361, 0.04411196708679199
362, 0.03797411918640137
363, 0.03857684135437012
364, 0.04042959213256836
365, 0.037847042083740234
366, 0.03920459747314453
367, 0.04179573059082031
368, 0.038088083267211914
369, 0.0389866828918457
370, 0.04993247985839844
371, 0.03908514976501465
372, 0.03753161430358887
373, 0.03888273239135742
374, 0.03999471664428711
375, 0.0424351692199707
376, 0.03943467140197754
377, 0.038948774337768555
378, 0.039652109146118164
379, 0.03842353820800781
380, 0.03900337219238281
381, 0.040137290954589844
382, 0.0396273136138916
383, 0.039499759674072266
384, 0.03863692283630371
385, 0.03919172286987305
386, 0.0385134220123291
387, 0.03855323791503906
388, 0.04060626029968262
389, 0.04034924507141113
390, 0.03783702850341797
391, 0.037819623947143555
392, 0.03906416893005371
393, 0.038529396057128906
394, 0.0386202335357666
395, 0.03787589073181152
396, 0.04040074348449707
397, 0.040978431701660156
398, 0.04347848892211914
399, 0.06832575798034668
400, 0.0395352840423584
401, 0.039106130599975586
402, 0.040404319763183594
403, 0.04205679893493652
404, 0.04047727584838867
405, 0.03908705711364746
406, 0.03733110427856445
407, 0.09249639511108398
408, 0.0553286075592041
409, 0.049753665924072266
410, 0.03954601287841797
411, 0.04336285591125488
412, 0.044898271560668945
413, 0.03848147392272949
414, 0.03694939613342285
415, 0.0380096435546875
416, 0.038194894790649414
417, 0.03860330581665039
418, 0.046666622161865234
419, 0.0395963191986084
420, 0.07690954208374023
421, 0.03978300094604492
422, 0.039254188537597656
423, 0.03955078125
424, 0.04040884971618652
425, 0.0666036605834961
426, 0.04257798194885254
427, 0.03852200508117676
428, 0.03790473937988281
429, 0.03926825523376465
430, 0.040563344955444336
431, 0.03760576248168945
432, 0.037563323974609375
433, 0.037973880767822266
434, 0.0407261848449707
435, 0.03787660598754883
436, 0.03887009620666504
437, 0.04204750061035156
438, 0.04899239540100098
439, 0.03902935981750488
440, 0.038939714431762695
441, 0.03818178176879883
442, 0.03910088539123535
443, 0.03805065155029297
444, 0.038222312927246094
445, 0.03784823417663574
446, 0.038283348083496094
447, 0.03702950477600098
448, 0.03835773468017578
449, 0.038800716400146484
450, 0.03668689727783203
451, 0.03998684883117676
452, 0.04230523109436035
453, 0.03965020179748535
454, 0.036653995513916016
455, 0.04167485237121582
456, 0.03943204879760742
457, 0.038274526596069336
458, 0.04035186767578125
459, 0.040311574935913086
460, 0.037572383880615234
461, 0.03981757164001465
462, 0.039548635482788086
463, 0.038564443588256836
464, 0.04176783561706543
465, 0.039449453353881836
466, 0.03880953788757324
467, 0.03924751281738281
468, 0.03867053985595703
469, 0.039618730545043945
470, 0.03902769088745117
471, 0.03808879852294922
472, 0.03702378273010254
473, 0.04236745834350586
474, 0.04178977012634277
475, 0.040505170822143555
476, 0.07992839813232422
477, 0.043639183044433594
478, 0.055109500885009766
479, 0.04241514205932617
480, 0.058045387268066406
481, 0.03963780403137207
482, 0.03940391540527344
483, 0.03819394111633301
484, 0.04026341438293457
485, 0.04114103317260742
486, 0.039144277572631836
487, 0.03869271278381348
488, 0.03903675079345703
489, 0.03840017318725586
490, 0.038997650146484375
491, 0.038611650466918945
492, 0.039052486419677734
493, 0.040064096450805664
494, 0.039605140686035156
495, 0.03875446319580078
496, 0.04000592231750488
497, 0.038846492767333984
498, 0.03868246078491211
499, 0.040299177169799805
500, 0.0383303165435791
501, 0.03756856918334961
502, 0.03869152069091797
503, 0.0403141975402832
504, 0.039971113204956055
505, 0.04094719886779785
506, 0.03969001770019531
507, 0.03766202926635742
508, 0.03857278823852539
509, 0.03818869590759277
510, 0.041208505630493164
511, 0.039856672286987305
512, 0.0379643440246582
513, 0.04087471961975098
514, 0.04065442085266113
515, 0.039240121841430664
516, 0.038520097732543945
517, 0.04012751579284668
518, 0.04335474967956543
519, 0.04226064682006836
520, 0.038729190826416016
521, 0.03812074661254883
522, 0.03931307792663574
523, 0.039156436920166016
524, 0.043291330337524414
525, 0.03861713409423828
526, 0.038782596588134766
527, 0.041397809982299805
528, 0.0410008430480957
529, 0.043084144592285156
530, 0.058954477310180664
531, 0.04543471336364746
532, 0.03907370567321777
533, 0.03740334510803223
534, 0.0388798713684082
535, 0.03748917579650879
536, 0.03736996650695801
537, 0.03862929344177246
538, 0.03790760040283203
539, 0.043428897857666016
540, 0.036992788314819336
541, 0.03810524940490723
542, 0.042954444885253906
543, 0.039675235748291016
544, 0.04223799705505371
545, 0.040019989013671875
546, 0.038793325424194336
547, 0.039431095123291016
548, 0.038710832595825195
549, 0.04401540756225586
550, 0.04548048973083496
551, 0.04076886177062988
552, 0.041023969650268555
553, 0.06324529647827148
554, 0.04164934158325195
555, 0.03908252716064453
556, 0.03987860679626465
557, 0.03896665573120117
558, 0.03968405723571777
559, 0.03786468505859375
560, 0.03898453712463379
561, 0.03911852836608887
562, 0.037941932678222656
563, 0.039731502532958984
564, 0.03876686096191406
565, 0.03961300849914551
566, 0.03770136833190918
567, 0.0386662483215332
568, 0.043271780014038086
569, 0.042221784591674805
570, 0.0403900146484375
571, 0.03931164741516113
572, 0.039047956466674805
573, 0.03776741027832031
574, 0.038446903228759766
575, 0.03882861137390137
576, 0.039339542388916016
577, 0.2889218330383301
578, 0.04219198226928711
579, 0.06020498275756836
580, 0.03920102119445801
581, 0.03817152976989746
582, 0.04136991500854492
583, 0.03975701332092285
584, 0.0385890007019043
585, 0.0390474796295166
586, 0.03973817825317383
587, 0.038928985595703125
588, 0.04388427734375
589, 0.04058670997619629
590, 0.04076051712036133
591, 0.03895068168640137
592, 0.03970646858215332
593, 0.04043984413146973
594, 0.03741717338562012
595, 0.03832721710205078
596, 0.038428306579589844
597, 0.03841733932495117
598, 0.038681983947753906
599, 0.03818225860595703
600, 0.03881382942199707
601, 0.04289865493774414
602, 0.03936338424682617
603, 0.039142608642578125
604, 0.03890419006347656
605, 0.039208173751831055
606, 0.03853774070739746
607, 0.03857994079589844
608, 0.041732072830200195
609, 0.06287622451782227
610, 0.039817094802856445
611, 0.053673505783081055
612, 0.038814544677734375
613, 0.04205751419067383
614, 0.04029273986816406
615, 0.040338993072509766
616, 0.038695573806762695
617, 0.03779315948486328
618, 0.042467594146728516
619, 0.03793740272521973
620, 0.03829026222229004
621, 0.037955284118652344
622, 0.040580034255981445
623, 0.03951454162597656
624, 0.039281368255615234
625, 0.03896498680114746
626, 0.03963208198547363
627, 0.03940606117248535
628, 0.04061484336853027
629, 0.0420687198638916
630, 0.039017677307128906
631, 0.0387728214263916
632, 0.03732419013977051
633, 0.03886222839355469
634, 0.04369401931762695
635, 0.04265308380126953
636, 0.046834468841552734
637, 0.0571599006652832
638, 0.041046142578125
639, 0.03893470764160156
640, 0.039029598236083984
641, 0.04008650779724121
642, 0.03854632377624512
643, 0.039235591888427734
644, 0.03865981101989746
645, 0.03829145431518555
646, 0.04093122482299805
647, 0.04005622863769531
648, 0.03744053840637207
649, 0.03996992111206055
650, 0.0396420955657959
651, 0.040529489517211914
652, 0.03976583480834961
653, 0.03773689270019531
654, 0.039086103439331055
655, 0.03942251205444336
656, 0.04022216796875
657, 0.039077043533325195
658, 0.0390927791595459
659, 0.04217934608459473
660, 0.038202762603759766
661, 0.041947126388549805
662, 0.038138628005981445
663, 0.03974556922912598
664, 0.040857553482055664
665, 0.04115176200866699
666, 0.0377810001373291
667, 0.039128780364990234
668, 0.0376887321472168
669, 0.03830409049987793
670, 0.03817868232727051
671, 0.038343191146850586
672, 0.03961896896362305
673, 0.03925633430480957
674, 0.03853130340576172
675, 0.036663055419921875
676, 0.04182577133178711
677, 0.04213380813598633
678, 0.039049386978149414
679, 0.04070687294006348
680, 0.03980064392089844
681, 0.03694629669189453
682, 0.040902137756347656
683, 0.03776383399963379
684, 0.04126477241516113
685, 0.05617880821228027
686, 0.03967452049255371
687, 0.057489633560180664
688, 0.03925776481628418
689, 0.03878498077392578
690, 0.04108595848083496
691, 0.03742241859436035
692, 0.04573535919189453
693, 0.044173479080200195
694, 0.04000997543334961
695, 0.044086456298828125
696, 0.038825035095214844
697, 0.03718233108520508
698, 0.039212942123413086
699, 0.038283348083496094
700, 0.04071187973022461
701, 0.040064096450805664
702, 0.03711986541748047
703, 0.03792881965637207
704, 0.038771629333496094
705, 0.0400240421295166
706, 0.04034996032714844
707, 0.039572954177856445
708, 0.03785514831542969
709, 0.038193702697753906
710, 0.038896799087524414
711, 0.04245734214782715
712, 0.039276838302612305
713, 0.03825855255126953
714, 0.037473201751708984
715, 0.0394597053527832
716, 0.039305686950683594
717, 0.03836417198181152
718, 0.03884315490722656
719, 0.03867220878601074
720, 0.03817439079284668
721, 0.03826403617858887
722, 0.03789210319519043
723, 0.041336774826049805
724, 0.039366960525512695
725, 0.03849983215332031
726, 0.07219576835632324
727, 0.0377962589263916
728, 0.04499197006225586
729, 0.03858351707458496
730, 0.04208827018737793
731, 0.039337873458862305
732, 0.04003620147705078
733, 0.03924417495727539
734, 0.04054379463195801
735, 0.03860044479370117
736, 0.03833127021789551
737, 0.0384366512298584
738, 0.05127668380737305
739, 0.04073691368103027
740, 0.04120969772338867
741, 0.03747200965881348
742, 0.039010047912597656
743, 0.14340806007385254
744, 0.039955854415893555
745, 0.03961443901062012
746, 0.040392160415649414
747, 0.037552595138549805
748, 0.03876948356628418
749, 0.04124641418457031
750, 0.04564690589904785
751, 0.03880667686462402
752, 0.05266261100769043
753, 0.03806638717651367
754, 0.05998659133911133
755, 0.05158734321594238
756, 0.07032895088195801
757, 0.04116225242614746
758, 0.04106903076171875
759, 0.0402829647064209
760, 0.039244890213012695
761, 0.03907155990600586
762, 0.03990650177001953
763, 0.03932642936706543
764, 0.03950810432434082
765, 0.039006710052490234
766, 0.04147005081176758
767, 0.04045462608337402
768, 0.038939476013183594
769, 0.03978610038757324
770, 0.03902792930603027
771, 0.04271125793457031
772, 0.03876185417175293
773, 0.06359362602233887
774, 0.03922152519226074
775, 0.04008960723876953
776, 0.040771484375
777, 0.04008984565734863
778, 0.03816056251525879
779, 0.039602041244506836
780, 0.044031381607055664
781, 0.04253530502319336
782, 0.038538455963134766
783, 0.03732180595397949
784, 0.04053616523742676
785, 0.03838324546813965
786, 0.04291963577270508
787, 0.03860664367675781
788, 0.039896488189697266
789, 0.04074501991271973
790, 0.03947806358337402
791, 0.04003405570983887
792, 0.03934073448181152
793, 0.03863644599914551
794, 0.03878521919250488
795, 0.038408517837524414
796, 0.037798166275024414
797, 0.03941917419433594
798, 0.03761887550354004
799, 0.041277170181274414
800, 0.03977179527282715
801, 0.03975510597229004
802, 0.039606332778930664
803, 0.03887772560119629
804, 0.038253068923950195
805, 0.03915548324584961
806, 0.039703369140625
807, 0.04024553298950195
808, 0.03868699073791504
809, 0.03947329521179199
810, 0.037873268127441406
811, 0.03648042678833008
812, 0.0446925163269043
813, 0.04043245315551758
814, 0.039127349853515625
815, 0.03968453407287598
816, 0.03965592384338379
817, 0.040511369705200195
818, 0.038410186767578125
819, 0.03967761993408203
820, 0.04109930992126465
821, 0.04056835174560547
822, 0.04045438766479492
823, 0.03806424140930176
824, 0.04320669174194336
825, 0.037779808044433594
826, 0.038400888442993164
827, 0.0395660400390625
828, 0.04007887840270996
829, 0.0387425422668457
830, 0.040699005126953125
831, 0.03891396522521973
832, 0.0673990249633789
833, 0.0399937629699707
834, 0.03925347328186035
835, 0.03912234306335449
836, 0.03959965705871582
837, 0.04432225227355957
838, 0.04208731651306152
839, 0.03778839111328125
840, 0.03952670097351074
841, 0.04002118110656738
842, 0.04449963569641113
843, 0.0629429817199707
844, 0.04128861427307129
845, 0.03977465629577637
846, 0.04082298278808594
847, 0.03860139846801758
848, 0.04006361961364746
849, 0.04406380653381348
850, 0.03920602798461914
851, 0.03926706314086914
852, 0.03834414482116699
853, 0.03902411460876465
854, 0.039893150329589844
855, 0.03847026824951172
856, 0.03939557075500488
857, 0.03913474082946777
858, 0.040398359298706055
859, 0.03938722610473633
860, 0.03896379470825195
861, 0.039472103118896484
862, 0.039667367935180664
863, 0.04056906700134277
864, 0.03842592239379883
865, 0.0390620231628418
866, 0.04102277755737305
867, 0.04343104362487793
868, 0.041394948959350586
869, 0.037405967712402344
870, 0.03740572929382324
871, 0.03974008560180664
872, 0.03554368019104004
873, 0.036528587341308594
874, 0.038327932357788086
875, 0.03943943977355957
876, 0.0389711856842041
877, 0.03662514686584473
878, 0.04093766212463379
879, 0.041266679763793945
880, 0.03867912292480469
881, 0.03734087944030762
882, 0.03915715217590332
883, 0.038202762603759766
884, 0.038201093673706055
885, 0.04015994071960449
886, 0.03680419921875
887, 0.03866457939147949
888, 0.041837453842163086
889, 0.05400371551513672
890, 0.03677845001220703
891, 0.03832554817199707
892, 0.038034915924072266
893, 0.04172706604003906
894, 0.039078474044799805
895, 0.04036450386047363
896, 0.04028797149658203
897, 0.038947343826293945
898, 0.03952622413635254
899, 0.0368189811706543
900, 0.04010415077209473
901, 0.040921926498413086
902, 0.03988361358642578
903, 0.03958010673522949
904, 0.03866982460021973
905, 0.038823604583740234
906, 0.03941774368286133
907, 0.03978753089904785
908, 0.039322614669799805
909, 0.04010939598083496
910, 0.04053163528442383
911, 0.28960227966308594
912, 0.041169166564941406
913, 0.041878461837768555
914, 0.046508073806762695
915, 0.04007768630981445
916, 0.038665771484375
917, 0.03808712959289551
918, 0.03823232650756836
919, 0.03916335105895996
920, 0.04154825210571289
921, 0.039026498794555664
922, 0.03814291954040527
923, 0.07975912094116211
924, 0.040368080139160156
925, 0.039087533950805664
926, 0.04129362106323242
927, 0.038454294204711914
928, 0.039040565490722656
929, 0.03731489181518555
930, 0.03800249099731445
931, 0.04165053367614746
932, 0.03894662857055664
933, 0.03982710838317871
934, 0.039739370346069336
935, 0.037616729736328125
936, 0.03903555870056152
937, 0.0419011116027832
938, 0.04001355171203613
939, 0.03976154327392578
940, 0.039197444915771484
941, 0.03621554374694824
942, 0.04090380668640137
943, 0.039392948150634766
944, 0.03844261169433594
945, 0.03886008262634277
946, 0.040544748306274414
947, 0.03906536102294922
948, 0.039380788803100586
949, 0.04045438766479492
950, 0.040766239166259766
951, 0.039285898208618164
952, 0.03989005088806152
953, 0.0417332649230957
954, 0.03781294822692871
955, 0.037717342376708984
956, 0.03842878341674805
957, 0.03845477104187012
958, 0.03956437110900879
959, 0.03855156898498535
960, 0.03999209403991699
961, 0.04370379447937012
962, 0.03950691223144531
963, 0.040619850158691406
964, 0.03850078582763672
965, 0.0386662483215332
966, 0.039351463317871094
967, 0.03841280937194824
968, 0.038754940032958984
969, 0.03949999809265137
970, 0.0394899845123291
971, 0.042324066162109375
972, 0.03960466384887695
973, 0.07045149803161621
974, 0.03951668739318848
975, 0.04227638244628906
976, 0.039530277252197266
977, 0.038135528564453125
978, 0.04115867614746094
979, 0.04031491279602051
980, 0.040067434310913086
981, 0.04353046417236328
982, 0.03819608688354492
983, 0.043065786361694336
984, 0.03911399841308594
985, 0.039681196212768555
986, 0.037445783615112305
987, 0.03793454170227051
988, 0.038382530212402344
989, 0.07108950614929199
990, 0.04257035255432129
991, 0.039684295654296875
992, 0.03818964958190918
993, 0.039400339126586914
994, 0.03783011436462402
995, 0.04053497314453125
996, 0.04137992858886719
997, 0.04115700721740723
998, 0.04070782661437988
999, 0.03803372383117676
1000, 0.039270639419555664
