0, 0.39045166969299316
2, 0.03815484046936035
3, 0.24296116828918457
4, 0.22975850105285645
5, 0.23407387733459473
6, 0.23988747596740723
7, 0.3707144260406494
8, 0.1055757999420166
9, 0.2303452491760254
10, 0.3809082508087158
11, 0.06193184852600098
13, 0.04140901565551758
14, 0.03728294372558594
15, 0.21921706199645996
16, 0.3301548957824707
17, 0.11211776733398438
18, 0.29447269439697266
19, 0.20778846740722656
20, 0.25908851623535156
21, 0.3575148582458496
22, 0.041385650634765625
24, 0.04116678237915039
25, 0.03978443145751953
26, 0.15143346786499023
27, 0.22344470024108887
28, 0.2240595817565918
29, 0.2758476734161377
30, 0.19530367851257324
31, 0.21001982688903809
32, 0.25942111015319824
34, 0.04142928123474121
35, 0.03803229331970215
36, 0.13735461235046387
37, 0.2742040157318115
38, 0.22381234169006348
39, 0.4254603385925293
40, 0.04047036170959473
41, 0.17426109313964844
42, 0.29587292671203613
43, 0.2744722366333008
44, 0.1152334213256836
45, 0.4303627014160156
46, 0.04026627540588379
47, 0.15781378746032715
48, 0.25473523139953613
49, 0.22372817993164062
50, 0.1912837028503418
51, 0.3633887767791748
52, 0.07100486755371094
53, 0.22005009651184082
54, 0.2208719253540039
55, 0.220778226852417
56, 0.3901219367980957
57, 0.05506324768066406
59, 0.04096674919128418
60, 0.03733229637145996
61, 0.14531397819519043
62, 0.3123016357421875
63, 0.30203866958618164
64, 0.12213397026062012
65, 0.29227161407470703
66, 0.1649768352508545
68, 0.04004979133605957
69, 0.03814983367919922
71, 0.04892110824584961
72, 0.04596519470214844
73, 0.15699148178100586
75, 0.03975534439086914
76, 0.038867950439453125
77, 0.16742753982543945
78, 0.260272741317749
79, 0.18429327011108398
80, 0.22402215003967285
81, 0.2210254669189453
82, 0.3259274959564209
83, 0.12248039245605469
84, 0.2500951290130615
85, 0.21283650398254395
86, 0.43337035179138184
87, 0.04093527793884277
88, 0.17894291877746582
89, 0.22501468658447266
90, 0.3478102684020996
91, 0.09423136711120605
92, 0.3468313217163086
93, 0.10010910034179688
94, 0.40765857696533203
95, 0.06853723526000977
96, 0.22914838790893555
97, 0.42488670349121094
98, 0.03928375244140625
99, 0.21290063858032227
100, 0.27552008628845215
101, 0.18002104759216309
102, 0.31107139587402344
103, 0.12447738647460938
104, 0.3857436180114746
105, 0.05512237548828125
106, 0.2187352180480957
107, 0.2203068733215332
108, 0.4325852394104004
109, 0.04289817810058594
110, 0.3902552127838135
111, 0.03966999053955078
112, 0.2634406089782715
113, 0.38492679595947266
114, 0.041851043701171875
115, 0.26627302169799805
116, 0.13628196716308594
117, 0.2288799285888672
118, 0.209625244140625
119, 0.34580016136169434
120, 0.11458373069763184
121, 0.3974170684814453
122, 0.10955119132995605
123, 0.21724414825439453
124, 0.2120344638824463
125, 0.3043951988220215
126, 0.14725875854492188
127, 0.2870938777923584
128, 0.14076852798461914
129, 0.3222620487213135
130, 0.12302827835083008
131, 0.22133469581604004
132, 0.3737916946411133
133, 0.10600137710571289
134, 0.22771120071411133
135, 0.38675475120544434
136, 0.0961306095123291
137, 0.41098785400390625
138, 0.0410618782043457
139, 0.22113251686096191
141, 0.039603471755981445
142, 0.03729438781738281
143, 0.1599106788635254
144, 0.29285550117492676
145, 0.17533516883850098
146, 0.21315550804138184
147, 0.3256986141204834
148, 0.13190340995788574
149, 0.3545522689819336
150, 0.08839774131774902
151, 0.22548365592956543
152, 0.4284176826477051
153, 0.04014921188354492
154, 0.1960155963897705
155, 0.2492055892944336
156, 0.22410821914672852
158, 0.04185605049133301
159, 0.03771567344665527
160, 0.13347268104553223
161, 0.3374300003051758
162, 0.10530734062194824
164, 0.04497671127319336
165, 0.04097247123718262
166, 0.14599132537841797
167, 0.2848360538482666
168, 0.22708392143249512
169, 0.18681859970092773
170, 0.2335519790649414
171, 0.37649106979370117
172, 0.08013391494750977
173, 0.18551898002624512
174, 0.29123926162719727
175, 0.18794584274291992
176, 0.2790796756744385
177, 0.18472075462341309
178, 0.33235859870910645
179, 0.1400620937347412
180, 0.1940937042236328
181, 0.38393688201904297
182, 0.0861818790435791
183, 0.41944026947021484
184, 0.04098010063171387
185, 0.18802309036254883
186, 0.2828350067138672
187, 0.3071885108947754
188, 0.11140727996826172
189, 0.2969698905944824
190, 0.12999725341796875
191, 0.22325801849365234
192, 0.2484445571899414
193, 0.4246969223022461
194, 0.03934526443481445
195, 0.2110886573791504
196, 0.22557950019836426
198, 0.03942060470581055
199, 0.03852438926696777
200, 0.15745162963867188
201, 0.25832486152648926
202, 0.22085976600646973
203, 0.27196192741394043
204, 0.1568446159362793
205, 0.40217113494873047
206, 0.05942702293395996
207, 0.32543373107910156
208, 0.42954277992248535
209, 0.040009498596191406
211, 0.039934635162353516
212, 0.039061784744262695
213, 0.2273390293121338
214, 0.3411831855773926
215, 0.10415363311767578
216, 0.40775489807128906
217, 0.06968879699707031
218, 0.21078109741210938
220, 0.04052996635437012
221, 0.03775215148925781
222, 0.1632399559020996
223, 0.38204073905944824
224, 0.11309075355529785
225, 0.3874485492706299
226, 0.07270288467407227
227, 0.2260267734527588
228, 0.41695117950439453
229, 0.05637478828430176
230, 0.2355647087097168
231, 0.424588680267334
232, 0.040740966796875
233, 0.17362642288208008
234, 0.2963905334472656
235, 0.2059779167175293
236, 0.30718421936035156
237, 0.1070864200592041
238, 0.25320005416870117
239, 0.20658421516418457
240, 0.23282170295715332
241, 0.23317360877990723
242, 0.4005398750305176
243, 0.07068872451782227
244, 0.41410398483276367
245, 0.04042220115661621
246, 0.18413901329040527
247, 0.242539644241333
248, 0.3028271198272705
249, 0.16216015815734863
250, 0.20972752571105957
251, 0.298891544342041
252, 0.3272542953491211
253, 0.06325387954711914
255, 0.0474853515625
256, 0.04620194435119629
257, 0.2930638790130615
258, 0.11794638633728027
259, 0.3240523338317871
260, 0.11926579475402832
261, 0.22558021545410156
262, 0.22388625144958496
263, 0.2296600341796875
264, 0.21647191047668457
265, 0.41852259635925293
266, 0.046914100646972656
267, 0.26027917861938477
268, 0.23659586906433105
270, 0.0395047664642334
271, 0.03808712959289551
272, 0.16635704040527344
273, 0.3079721927642822
274, 0.13175320625305176
275, 0.3802351951599121
276, 0.04523515701293945
277, 0.26207876205444336
278, 0.30798792839050293
279, 0.11062312126159668
280, 0.23330926895141602
281, 0.37192320823669434
282, 0.12017035484313965
283, 0.24716901779174805
284, 0.25580263137817383
285, 0.24101591110229492
286, 0.29270458221435547
287, 0.38402652740478516
288, 0.05455493927001953
289, 0.2452535629272461
290, 0.23679757118225098
291, 0.38071632385253906
292, 0.1146078109741211
293, 0.2863638401031494
294, 0.1731724739074707
295, 0.22406554222106934
296, 0.4295628070831299
297, 0.045955657958984375
298, 0.1941823959350586
299, 0.2718174457550049
300, 0.18138432502746582
301, 0.33060717582702637
302, 0.13738179206848145
303, 0.37473511695861816
304, 0.06822776794433594
305, 0.22776103019714355
306, 0.22817134857177734
307, 0.3972640037536621
308, 0.07006454467773438
310, 0.038773298263549805
311, 0.0391693115234375
312, 0.16499853134155273
313, 0.3730893135070801
314, 0.14434480667114258
315, 0.36743927001953125
316, 0.12311387062072754
317, 0.21537446975708008
318, 0.3781776428222656
319, 0.07464313507080078
320, 0.4373607635498047
321, 0.04023623466491699
322, 0.2859671115875244
323, 0.28818178176879883
324, 0.1235663890838623
325, 0.3883795738220215
326, 0.0470128059387207
327, 0.227294921875
328, 0.2231159210205078
329, 0.22605466842651367
330, 0.3061411380767822
331, 0.14655303955078125
332, 0.23061656951904297
333, 0.22461795806884766
334, 0.4163949489593506
335, 0.04989290237426758
337, 0.04034996032714844
338, 0.03844475746154785
339, 0.20164012908935547
341, 0.04023385047912598
342, 0.03739142417907715
343, 0.14516377449035645
344, 0.30746984481811523
345, 0.15087628364562988
346, 0.3633568286895752
347, 0.09407877922058105
348, 0.42108893394470215
349, 0.057358503341674805
350, 0.2077770233154297
351, 0.2208850383758545
352, 0.22752928733825684
353, 0.24826765060424805
354, 0.25133824348449707
355, 0.1927335262298584
356, 0.23636221885681152
357, 0.21001887321472168
358, 0.3946506977081299
359, 0.07758760452270508
360, 0.1991884708404541
361, 0.22672510147094727
362, 0.2562887668609619
363, 0.36986327171325684
364, 0.09204459190368652
365, 0.22893691062927246
366, 0.22711896896362305
367, 0.22507214546203613
369, 0.03993415832519531
370, 0.037725210189819336
371, 0.1623213291168213
372, 0.2694246768951416
373, 0.16883420944213867
374, 0.31205153465270996
375, 0.12783408164978027
376, 0.25748229026794434
377, 0.25203967094421387
378, 0.1759946346282959
380, 0.04057788848876953
381, 0.03893327713012695
382, 0.18003177642822266
383, 0.27179646492004395
384, 0.18550419807434082
385, 0.23258376121520996
386, 0.2356722354888916
387, 0.23615741729736328
388, 0.4412047863006592
389, 0.04841756820678711
390, 0.2296314239501953
391, 0.43947410583496094
392, 0.06258916854858398
394, 0.03907275199890137
395, 0.03753161430358887
396, 0.19411063194274902
397, 0.19511938095092773
398, 0.23631858825683594
399, 0.35150766372680664
400, 0.09922575950622559
401, 0.2158515453338623
403, 0.04110145568847656
404, 0.038519859313964844
405, 0.17853260040283203
406, 0.2167530059814453
407, 0.22186994552612305
408, 0.22826480865478516
409, 0.25395703315734863
410, 0.4007275104522705
411, 0.056218862533569336
412, 0.2521800994873047
413, 0.22188711166381836
414, 0.288877010345459
415, 0.1317899227142334
416, 0.3801696300506592
417, 0.05856037139892578
418, 0.2246108055114746
419, 0.43347620964050293
420, 0.039433956146240234
421, 0.21092867851257324
422, 0.42745137214660645
423, 0.04268646240234375
424, 0.21915769577026367
425, 0.28908824920654297
426, 0.20629024505615234
427, 0.30751776695251465
428, 0.14435648918151855
429, 0.24324846267700195
430, 0.41964221000671387
431, 0.04456329345703125
432, 0.2726273536682129
433, 0.17144060134887695
434, 0.3077127933502197
435, 0.14695262908935547
436, 0.397904634475708
437, 0.05721569061279297
438, 0.3778815269470215
439, 0.11307907104492188
441, 0.04033803939819336
442, 0.03770899772644043
443, 0.17503046989440918
444, 0.35268115997314453
445, 0.13784289360046387
446, 0.20377731323242188
447, 0.31738710403442383
448, 0.14488649368286133
449, 0.36712026596069336
450, 0.1069180965423584
451, 0.20124053955078125
453, 0.04190826416015625
454, 0.0362553596496582
455, 0.1689767837524414
456, 0.3012270927429199
457, 0.14940142631530762
458, 0.3956270217895508
459, 0.04972434043884277
461, 0.03964877128601074
462, 0.04423022270202637
463, 0.1619269847869873
464, 0.23025941848754883
465, 0.26372528076171875
466, 0.20354032516479492
467, 0.2958846092224121
468, 0.1828615665435791
469, 0.21772384643554688
470, 0.25216150283813477
472, 0.03979897499084473
473, 0.040014028549194336
474, 0.20142173767089844
475, 0.22388887405395508
477, 0.04009437561035156
478, 0.038498640060424805
479, 0.11362075805664062
480, 0.2292923927307129
481, 0.22526049613952637
482, 0.21196651458740234
483, 0.2880821228027344
484, 0.3072090148925781
485, 0.0886080265045166
486, 0.2424015998840332
487, 0.2301032543182373
489, 0.0417170524597168
490, 0.03931999206542969
491, 0.15871429443359375
492, 0.2634432315826416
493, 0.24762868881225586
494, 0.39826250076293945
495, 0.06849002838134766
497, 0.039019107818603516
498, 0.03761625289916992
499, 0.1438312530517578
501, 0.039694786071777344
502, 0.03843092918395996
503, 0.2887697219848633
504, 0.18248629570007324
505, 0.31571078300476074
506, 0.32095885276794434
507, 0.0844416618347168
508, 0.4275836944580078
509, 0.06595110893249512
510, 0.320037841796875
511, 0.11877894401550293
512, 0.31430554389953613
513, 0.10666179656982422
514, 0.21480321884155273
515, 0.21598029136657715
516, 0.21815180778503418
517, 0.3706831932067871
518, 0.1034843921661377
519, 0.4084920883178711
520, 0.0756683349609375
521, 0.2619497776031494
522, 0.19079303741455078
523, 0.2906956672668457
524, 0.13008809089660645
525, 0.36806654930114746
526, 0.06678938865661621
527, 0.21676397323608398
529, 0.04005265235900879
530, 0.0376431941986084
531, 0.15230178833007812
532, 0.26207947731018066
533, 0.22359013557434082
534, 0.31773853302001953
535, 0.12887215614318848
536, 0.381183385848999
537, 0.0905466079711914
538, 0.20447969436645508
539, 0.2253129482269287
540, 0.40120387077331543
541, 0.06670093536376953
542, 0.21002817153930664
543, 0.24019789695739746
544, 0.23120450973510742
545, 0.37807798385620117
546, 0.09436225891113281
547, 0.41761088371276855
548, 0.05566906929016113
549, 0.1908252239227295
550, 0.26545286178588867
551, 0.3071572780609131
552, 0.08986282348632812
553, 0.33245325088500977
554, 0.11265325546264648
556, 0.04015755653381348
557, 0.036905527114868164
558, 0.18944525718688965
559, 0.2956686019897461
560, 0.13949370384216309
561, 0.22480225563049316
562, 0.2396690845489502
563, 0.4172394275665283
564, 0.05118227005004883
565, 0.23128366470336914
566, 0.4393899440765381
567, 0.03968334197998047
569, 0.04076576232910156
570, 0.03946208953857422
571, 0.13705039024353027
572, 0.32157230377197266
573, 0.1419665813446045
574, 0.3700580596923828
575, 0.09055447578430176
576, 0.3948328495025635
577, 0.05062675476074219
578, 0.2353498935699463
580, 0.03946423530578613
581, 0.0386507511138916
582, 0.41173458099365234
583, 0.04090261459350586
584, 0.16414332389831543
585, 0.2246568202972412
586, 0.22404956817626953
587, 0.30715274810791016
588, 0.14852619171142578
589, 0.23406481742858887
590, 0.3019883632659912
591, 0.1438601016998291
592, 0.40031933784484863
593, 0.05665230751037598
594, 0.22280406951904297
595, 0.22359871864318848
596, 0.23704290390014648
597, 0.22200369834899902
598, 0.3689901828765869
599, 0.09602141380310059
600, 0.2549717426300049
601, 0.1950833797454834
602, 0.37543392181396484
603, 0.09211850166320801
604, 0.3287208080291748
605, 0.10937047004699707
606, 0.24314045906066895
607, 0.33628392219543457
608, 0.16585803031921387
609, 0.20326924324035645
610, 0.31262731552124023
611, 0.18984007835388184
612, 0.27133631706237793
613, 0.3071730136871338
614, 0.10596036911010742
615, 0.22963380813598633
616, 0.22577619552612305
617, 0.3186981678009033
619, 0.04088783264160156
620, 0.03844857215881348
621, 0.060060739517211914
622, 0.2727804183959961
623, 0.4162428379058838
624, 0.0411837100982666
625, 0.18319201469421387
626, 0.28757333755493164
627, 0.15504693984985352
628, 0.2256922721862793
629, 0.3360600471496582
630, 0.11773371696472168
631, 0.3941154479980469
632, 0.09113907814025879
633, 0.22434735298156738
634, 0.4023284912109375
635, 0.058397769927978516
636, 0.3410298824310303
637, 0.11139369010925293
638, 0.26127028465270996
639, 0.35316896438598633
640, 0.07626533508300781
641, 0.43568921089172363
642, 0.04029965400695801
643, 0.17570996284484863
644, 0.21800827980041504
646, 0.03840494155883789
647, 0.03848075866699219
648, 0.27808308601379395
649, 0.12732648849487305
650, 0.23695015907287598
652, 0.04118204116821289
653, 0.03938937187194824
654, 0.1901102066040039
655, 0.21653532981872559
656, 0.26575660705566406
657, 0.24448013305664062
659, 0.039693355560302734
660, 0.038564443588256836
661, 0.2261948585510254
662, 0.15095210075378418
664, 0.04197978973388672
665, 0.0363314151763916
666, 0.16515088081359863
667, 0.3819093704223633
668, 0.07054567337036133
669, 0.22319269180297852
670, 0.347445011138916
671, 0.11315536499023438
672, 0.39890384674072266
673, 0.04878115653991699
674, 0.24205827713012695
675, 0.340465784072876
676, 0.10320115089416504
677, 0.23474669456481934
678, 0.23627161979675293
679, 0.29692697525024414
680, 0.15437006950378418
681, 0.22828078269958496
682, 0.3674755096435547
683, 0.11118125915527344
684, 0.22397947311401367
685, 0.2249469757080078
686, 0.36141538619995117
687, 0.090301513671875
688, 0.2270493507385254
689, 0.23280858993530273
690, 0.23485541343688965
692, 0.038657426834106445
693, 0.039273738861083984
694, 0.4360926151275635
695, 0.04159283638000488
696, 0.14635229110717773
697, 0.3239173889160156
698, 0.12144017219543457
699, 0.39065122604370117
700, 0.06642484664916992
701, 0.24410700798034668
702, 0.40809178352355957
703, 0.04906463623046875
704, 0.20027589797973633
705, 0.3630838394165039
706, 0.09078717231750488
707, 0.24657511711120605
708, 0.21587443351745605
709, 0.2657959461212158
710, 0.17476296424865723
711, 0.2344200611114502
712, 0.20423412322998047
713, 0.30806970596313477
714, 0.14907097816467285
715, 0.36287474632263184
716, 0.10936784744262695
717, 0.25751304626464844
718, 0.3499460220336914
719, 0.18424081802368164
720, 0.3276052474975586
721, 0.16374683380126953
722, 0.24547863006591797
723, 0.4098830223083496
724, 0.10101866722106934
725, 0.25133752822875977
726, 0.29915452003479004
727, 0.12928557395935059
729, 0.04073810577392578
730, 0.03684496879577637
731, 0.1656653881072998
732, 0.2761259078979492
733, 0.19823241233825684
734, 0.21664094924926758
735, 0.30176830291748047
736, 0.14325261116027832
737, 0.36871337890625
738, 0.09630870819091797
739, 0.22964787483215332
741, 0.04049825668334961
742, 0.03804492950439453
743, 0.14231538772583008
744, 0.3444404602050781
745, 0.11003541946411133
746, 0.2252514362335205
747, 0.3818080425262451
748, 0.0910494327545166
749, 0.23603320121765137
750, 0.2360076904296875
751, 0.2041025161743164
752, 0.3590829372406006
753, 0.08566832542419434
754, 0.42739415168762207
755, 0.04560112953186035
756, 0.21532630920410156
758, 0.04215097427368164
759, 0.03866744041442871
761, 0.04035615921020508
762, 0.03752446174621582
763, 0.1074066162109375
764, 0.3343822956085205
765, 0.0997927188873291
766, 0.4118916988372803
767, 0.041257381439208984
768, 0.23459315299987793
769, 0.23382973670959473
770, 0.22401642799377441
771, 0.39254260063171387
772, 0.06636238098144531
773, 0.23462605476379395
774, 0.26728129386901855
776, 0.04139566421508789
777, 0.038896799087524414
778, 0.12816119194030762
779, 0.31942248344421387
780, 0.1294257640838623
781, 0.23083090782165527
782, 0.3564639091491699
783, 0.10172104835510254
784, 0.4099280834197998
785, 0.10940814018249512
786, 0.1827986240386963
787, 0.42485880851745605
788, 0.04615640640258789
789, 0.18214845657348633
790, 0.28343749046325684
791, 0.17576861381530762
792, 0.250244140625
793, 0.22305083274841309
794, 0.2725813388824463
795, 0.17793750762939453
796, 0.23049283027648926
797, 0.308290958404541
798, 0.1911449432373047
799, 0.3208775520324707
800, 0.10889577865600586
801, 0.21510624885559082
802, 0.21729707717895508
803, 0.21762776374816895
805, 0.04038596153259277
806, 0.03803420066833496
807, 0.21943068504333496
808, 0.1598057746887207
809, 0.2878072261810303
810, 0.30817246437072754
811, 0.0905907154083252
812, 0.3558831214904785
813, 0.11422920227050781
815, 0.04011988639831543
816, 0.03925657272338867
817, 0.16497206687927246
818, 0.4283475875854492
819, 0.049817800521850586
820, 0.20308685302734375
821, 0.3252067565917969
822, 0.135148286819458
823, 0.37670350074768066
824, 0.09593963623046875
825, 0.21071076393127441
826, 0.41013383865356445
827, 0.06605029106140137
829, 0.03957509994506836
830, 0.038678646087646484
831, 0.2586824893951416
832, 0.14286088943481445
833, 0.34641098976135254
834, 0.1319112777709961
835, 0.20145320892333984
836, 0.2230510711669922
837, 0.2437577247619629
838, 0.2078840732574463
839, 0.3362269401550293
840, 0.12787771224975586
841, 0.2540605068206787
842, 0.22406291961669922
843, 0.2010030746459961
844, 0.30608677864074707
845, 0.14619994163513184
846, 0.3308720588684082
847, 0.1295146942138672
848, 0.41736507415771484
849, 0.0576171875
850, 0.21305465698242188
851, 0.38637280464172363
852, 0.07345938682556152
853, 0.23623967170715332
854, 0.2619476318359375
855, 0.18795204162597656
856, 0.32404351234436035
857, 0.12728142738342285
858, 0.23047733306884766
860, 0.039133310317993164
861, 0.0375981330871582
862, 0.24956631660461426
863, 0.15304088592529297
864, 0.28095293045043945
865, 0.1900615692138672
866, 0.21998810768127441
867, 0.4037494659423828
868, 0.03983187675476074
869, 0.2342379093170166
871, 0.039290428161621094
872, 0.038510799407958984
873, 0.29769182205200195
874, 0.11115288734436035
875, 0.23732447624206543
876, 0.20597004890441895
877, 0.3873324394226074
878, 0.08047127723693848
879, 0.43044471740722656
880, 0.0493769645690918
881, 0.24277710914611816
882, 0.42560267448425293
883, 0.03903365135192871
884, 0.1925497055053711
885, 0.22640061378479004
886, 0.33310675621032715
887, 0.11395263671875
888, 0.3143155574798584
889, 0.14724469184875488
890, 0.37647151947021484
891, 0.1040339469909668
892, 0.18928170204162598
893, 0.421689510345459
894, 0.03939533233642578
895, 0.26616811752319336
896, 0.15495562553405762
897, 0.29231977462768555
898, 0.3717770576477051
899, 0.03975677490234375
901, 0.03949856758117676
902, 0.036026716232299805
903, 0.18286585807800293
904, 0.21383309364318848
906, 0.04082155227661133
907, 0.037915706634521484
908, 0.18048882484436035
909, 0.22341465950012207
910, 0.2296602725982666
911, 0.35356688499450684
912, 0.09351658821105957
913, 0.4168057441711426
914, 0.04151296615600586
915, 0.2767775058746338
916, 0.19359970092773438
917, 0.3072373867034912
918, 0.10111093521118164
919, 0.36034727096557617
920, 0.08282041549682617
921, 0.22637438774108887
923, 0.04095053672790527
924, 0.03801274299621582
925, 0.1458272933959961
926, 0.27085137367248535
927, 0.22379112243652344
928, 0.15062165260314941
929, 0.38051795959472656
930, 0.07297682762145996
931, 0.38784360885620117
932, 0.06894683837890625
933, 0.23684072494506836
935, 0.03896141052246094
936, 0.03672599792480469
937, 0.17159152030944824
938, 0.2495582103729248
939, 0.24478387832641602
940, 0.29849720001220703
941, 0.3072834014892578
942, 0.11400818824768066
943, 0.23915314674377441
944, 0.25458288192749023
945, 0.4161243438720703
946, 0.03961372375488281
947, 0.19904708862304688
948, 0.2732827663421631
949, 0.24181079864501953
950, 0.16744494438171387
951, 0.409930944442749
952, 0.09021949768066406
953, 0.32425546646118164
954, 0.08291220664978027
955, 0.22581815719604492
957, 0.041152000427246094
958, 0.0376737117767334
959, 0.1622178554534912
960, 0.218794584274292
961, 0.2348639965057373
962, 0.290539026260376
963, 0.18179106712341309
964, 0.21395325660705566
965, 0.27674245834350586
966, 0.22343158721923828
967, 0.3327786922454834
968, 0.08819317817687988
969, 0.42377662658691406
970, 0.07238650321960449
971, 0.29140567779541016
973, 0.0405583381652832
974, 0.03856635093688965
975, 0.09987330436706543
976, 0.34891414642333984
977, 0.1086874008178711
978, 0.2270488739013672
979, 0.23271942138671875
980, 0.22534918785095215
981, 0.4348134994506836
982, 0.041190147399902344
983, 0.21103525161743164
985, 0.03986477851867676
986, 0.03843235969543457
987, 0.19069457054138184
988, 0.2150745391845703
989, 0.28066468238830566
990, 0.15413331985473633
991, 0.33469343185424805
992, 0.10001587867736816
993, 0.39673805236816406
994, 0.054512739181518555
995, 0.23612499237060547
997, 0.0402982234954834
998, 0.039836883544921875
999, 0.18842744827270508
1000, 0.2071681022644043
